2574 1115 977 439
0 158 203
0 406 56
0 955 12
1 237 16
1 563 29
2 25 102
2 407 55
2 521 62
3 356 56
3 1110 10
4 771 109
4 861 41
4 862 65
5 648 63
5 651 107
5 659 53
5 660 26
6 748 209
6 908 13
6 1100 189
7 198 127
7 631 27
7 965 65
8 528 58
8 1073 42
9 358 21
9 641 58
10 110 24
10 334 9
11 203 134
11 413 15
11 587 75
12 21 31
12 73 11
12 850 86
13 671 30
13 782 19
13 819 135
14 15 4
14 255 11
14 439 31
15 14 4
15 1095 31
15 1112 66
16 197 36
16 511 32
16 763 46
17 236 175
17 247 157
17 391 23
18 239 66
18 658 11
18 1061 239
19 390 52
19 398 57
20 1024 13
21 12 31
22 567 97
23 406 63
23 985 247
24 259 57
24 1017 108
25 2 102
25 524 56
25 717 59
26 48 58
26 554 121
27 116 183
27 176 67
27 554 80
27 586 106
28 31 36
28 229 107
28 817 54
29 523 43
29 571 82
29 845 44
30 279 65
30 871 27
30 897 100
31 28 36
31 282 123
31 1102 55
32 281 66
32 621 73
33 365 100
33 718 162
33 828 30
33 848 64
34 436 48
34 483 46
35 641 143
36 300 48
36 696 112
36 817 87
37 234 119
37 471 182
37 844 13
38 734 12
38 963 84
39 135 14
40 898 97
40 1068 18
41 786 33
41 809 55
42 135 5
42 702 103
43 592 44
43 639 89
43 954 55
44 45 10
44 297 38
44 900 351
45 44 10
45 701 424
45 977 24
46 411 16
46 534 37
47 111 33
47 115 58
48 26 58
48 527 122
48 830 46
49 856 103
49 863 58
49 886 116
50 298 27
50 855 52
51 533 42
51 644 220
51 774 59
52 96 64
52 296 66
52 552 37
53 802 66
54 802 48
55 740 107
55 1039 45
56 312 19
56 593 90
56 747 73
57 179 84
57 1074 70
58 86 69
58 205 32
58 882 122
59 161 25
59 747 60
60 907 29
60 1087 61
61 162 18
61 690 28
61 1098 21
62 65 26
63 222 63
63 472 52
64 78 48
64 355 116
65 62 26
65 67 69
65 698 49
66 172 55
66 1075 65
67 65 69
67 234 111
67 423 93
68 801 97
69 772 204
69 1050 27
70 323 39
70 936 100
71 123 81
71 124 77
71 143 112
71 1000 6
72 245 30
72 247 56
72 1004 10
73 12 11
73 1104 107
74 76 5
75 77 20
75 581 27
76 79 5
77 84 36
77 278 6
77 283 32
78 64 48
78 215 84
79 356 7
80 82 129
80 252 36
80 976 58
81 321 16
81 736 25
82 80 129
83 84 6
83 278 35
83 876 200
84 83 6
84 87 24
85 121 8
85 816 22
86 58 69
87 83 24
87 236 66
88 294 49
88 401 171
88 1033 43
89 34 57
89 611 42
89 881 101
90 203 106
90 712 292
90 951 41
91 159 52
91 489 45
91 903 180
91 917 53
92 505 19
92 612 53
92 953 105
93 362 49
93 615 85
93 710 154
94 107 29
94 810 5
94 812 8
95 826 41
95 910 46
96 52 64
96 544 35
96 982 18
97 258 51
97 903 24
98 785 21
98 923 157
99 469 45
99 683 89
100 549 23
100 601 72
101 674 107
102 108 41
102 503 46
103 106 49
103 826 25
104 85 87
105 306 16
106 103 49
106 663 25
107 94 29
107 645 176
107 913 14
108 319 2
108 503 15
109 104 23
109 902 18
110 10 24
111 319 20
111 906 8
112 47 32
112 111 7
113 801 101
114 654 91
114 660 17
115 116 36
115 906 92
116 27 183
116 115 36
116 280 63
116 943 17
117 519 90
117 944 7
117 948 11
118 968 93
119 456 38
119 542 97
119 579 53
120 216 38
120 613 38
120 953 53
121 324 9
121 1029 414
122 820 295
122 1039 17
123 71 81
123 245 16
123 1002 8
124 71 77
124 143 64
124 445 246
124 999 6
125 126 23
125 1014 8
126 1014 22
126 1049 20
127 284 10
127 402 33
128 129 28
128 189 63
128 360 51
129 128 28
129 130 35
129 189 59
130 129 35
130 240 254
130 1027 51
131 277 52
131 426 81
131 470 61
131 593 112
132 285 136
132 302 45
133 975 57
133 1086 41
134 142 53
134 500 37
135 39 14
135 42 5
135 392 26
136 783 172
137 447 91
137 722 41
138 655 9
139 139 29
139 217 42
140 214 56
140 889 50
140 1034 128
141 134 61
141 142 8
142 141 8
142 620 94
143 71 112
143 124 64
143 445 73
144 177 119
144 315 120
144 346 82
145 286 59
145 421 177
145 792 188
146 247 39
146 386 91
146 393 118
147 162 17
147 690 13
148 404 29
148 410 33
149 150 15
149 152 273
150 192 12
150 243 21
150 331 24
151 192 42
151 591 142
152 153 53
153 109 335
153 156 28
154 666 49
154 679 18
154 680 43
155 152 26
155 190 250
156 44 1219
156 155 54
157 840 24
158 0 203
158 623 50
158 989 11
159 91 52
159 344 48
159 378 50
160 589 187
160 876 31
161 250 104
161 437 6
162 1031 9
162 1098 12
163 165 5
163 591 31
164 596 45
164 1078 22
165 446 15
166 487 37
167 465 8
167 684 17
168 580 152
168 1001 53
168 1084 59
169 387 152
169 1088 70
170 337 50
170 353 83
171 1097 43
172 66 55
172 555 98
172 797 29
173 521 80
173 717 278
173 741 28
174 279 239
174 286 56
174 841 63
175 775 74
175 815 77
175 1073 7
176 27 67
176 180 126
176 990 23
177 144 119
177 911 86
177 961 71
178 182 11
178 724 91
178 990 46
179 57 84
179 895 14
179 896 15
180 176 126
180 724 51
180 990 72
181 57 66
181 1074 13
182 178 11
182 183 33
182 554 67
183 182 33
183 530 108
183 724 139
184 207 52
184 953 27
184 998 54
185 208 54
185 642 52
185 838 109
186 186 201
186 841 51
187 284 16
188 713 111
189 128 63
189 129 59
189 522 67
190 150 22
190 331 23
191 730 96
191 942 37
191 985 154
192 243 12
192 668 125
193 523 50
194 536 35
194 774 54
194 833 203
195 628 50
195 736 50
196 451 142
196 463 45
196 736 26
197 16 36
197 314 43
197 506 90
197 994 32
198 7 127
198 408 7
198 677 130
198 721 56
199 595 131
199 1032 24
200 342 100
200 401 46
200 1081 103
201 876 41
201 1030 109
201 1085 72
202 581 123
202 922 29
202 1085 61
203 11 134
203 90 106
203 520 5
204 750 21
205 58 32
206 514 59
206 863 103
206 886 71
207 184 52
207 612 129
207 1033 94
208 185 54
208 836 43
208 998 17
209 677 52
209 721 116
209 723 25
210 293 92
210 968 96
210 1056 49
211 377 54
211 925 30
211 978 63
212 264 125
212 1018 204
213 598 96
214 140 56
214 300 85
214 779 64
215 78 84
216 120 38
217 139 42
217 218 6
217 460 108
218 217 6
218 761 61
219 213 20
219 865 43
220 277 50
220 1023 71
221 510 10
222 63 63
222 525 26
222 1025 20
223 138 117
223 668 60
224 572 129
225 919 81
226 55 301
226 225 47
227 1024 51
228 376 134
228 918 62
228 1087 17
229 28 107
230 956 28
230 957 9
231 416 17
231 630 13
231 1066 90
232 231 19
232 259 11
232 397 29
233 1104 54
234 37 119
234 67 111
234 476 143
235 539 16
236 17 175
236 87 66
236 926 98
237 1 16
237 315 289
237 346 62
238 378 167
238 811 76
238 840 87
239 416 95
239 1066 12
240 855 23
240 856 62
241 248 84
241 249 127
241 972 76
242 435 54
242 529 17
242 777 27
243 149 10
243 244 278
243 620 296
244 759 72
244 1009 9
245 72 30
245 123 16
245 445 212
246 754 19
246 755 22
246 1008 11
247 17 157
247 72 56
247 146 39
247 589 61
248 241 84
248 441 33
248 750 142
249 241 127
249 281 77
249 750 71
250 437 105
250 891 8
250 960 38
251 252 59
251 745 68
251 976 34
252 80 36
252 251 59
252 253 157
253 252 157
253 255 121
254 462 59
254 671 133
254 819 25
255 14 11
255 253 121
256 637 15
256 952 46
256 983 23
257 95 43
257 910 15
258 257 15
259 24 57
259 232 11
259 740 26
260 1097 88
261 546 89
261 771 153
261 954 44
262 262 136
262 867 34
263 732 54
263 846 89
263 1088 48
264 212 125
264 765 30
264 835 34
265 399 26
265 569 171
265 732 47
266 454 8
266 568 77
266 853 80
266 1067 103
267 609 4
267 921 45
267 1113 108
268 448 29
269 649 23
269 909 5
270 316 11
270 604 51
270 625 35
271 611 177
272 681 44
273 515 58
273 820 51
274 820 23
274 1006 110
275 627 70
276 367 60
277 131 52
277 220 50
277 522 63
277 842 73
278 75 21
278 77 6
278 1085 125
279 30 65
279 174 239
280 116 63
280 741 128
280 1041 30
281 32 66
281 249 77
281 972 125
282 31 123
282 269 67
282 499 68
283 77 32
283 727 232
283 894 58
284 127 10
284 187 16
284 285 41
285 132 136
285 284 41
286 145 59
286 174 56
286 871 211
287 366 83
287 516 82
287 772 361
288 751 60
288 974 54
289 366 8
289 720 115
289 751 56
290 546 105
290 771 42
290 834 57
291 380 56
291 567 23
291 869 4
292 340 135
292 535 82
292 536 73
292 977 68
293 210 92
294 88 49
294 342 89
294 744 32
295 543 83
295 744 57
295 982 50
296 52 66
296 813 59
296 836 168
297 44 38
297 787 65
297 811 137
298 50 27
298 720 58
299 417 60
299 695 212
299 1051 136
300 36 48
300 214 85
300 882 135
301 132 47
301 302 5
301 674 68
302 622 23
302 682 9
303 616 27
304 301 48
304 308 54
304 673 171
305 386 27
305 400 109
305 677 11
306 105 16
306 1040 42
307 602 15
307 606 80
307 938 53
308 304 54
308 652 101
309 487 75
309 561 87
309 602 60
310 313 13
310 647 262
310 964 8
311 437 114
311 450 82
312 56 19
312 434 188
312 565 47
313 310 13
313 467 55
314 197 43
314 594 49
314 835 88
314 879 32
315 144 120
315 237 289
315 893 8
316 270 11
317 512 49
318 728 176
318 1037 14
319 112 20
319 933 296
319 935 3
320 954 69
321 81 16
322 457 97
323 70 39
323 269 27
324 125 9
324 325 9
324 905 422
325 85 9
325 324 9
325 935 110
326 181 11
327 382 13
327 532 35
327 753 47
328 326 14
329 330 9
329 904 43
329 1019 11
330 329 9
331 151 16
332 332 357
332 746 38
333 352 25
333 799 119
333 809 9
334 10 9
334 1007 7
335 10 26
335 110 36
336 344 26
337 170 50
337 370 63
337 662 48
338 339 24
339 338 24
339 341 42
339 840 42
340 292 135
340 793 80
340 977 178
341 339 42
341 343 25
341 344 40
342 200 100
342 294 89
342 458 170
343 341 25
344 159 48
344 336 26
344 341 40
345 390 31
345 963 36
346 144 82
346 237 62
346 347 21
347 346 21
348 704 10
348 807 26
349 770 95
350 475 6
350 513 88
351 889 29
352 333 25
352 1021 57
353 170 35
354 898 108
355 64 116
355 748 80
356 3 57
356 647 44
357 359 19
357 423 122
357 980 9
358 9 21
358 872 63
358 1111 398
359 357 19
360 128 51
360 632 127
360 849 121
361 369 104
361 414 37
361 528 139
362 93 49
362 638 53
363 613 20
364 365 30
365 33 100
365 364 30
365 670 44
366 287 83
366 289 8
366 847 63
367 276 60
367 383 61
367 1015 139
368 790 18
368 997 100
369 361 104
369 1102 21
370 337 63
370 373 32
371 715 36
371 758 37
371 1050 210
372 444 5
372 730 26
373 370 32
373 870 117
374 1037 195
375 412 36
375 867 36
375 979 42
376 228 134
376 779 96
376 817 27
377 211 54
378 159 50
378 238 167
378 992 35
379 1003 10
380 380 144
380 291 56
381 519 508
381 1060 8
381 1107 56
382 327 13
383 367 61
383 782 44
383 866 139
384 894 58
385 368 71
385 379 22
385 780 15
386 146 91
386 305 27
387 819 47
387 866 19
388 394 6
388 1060 57
389 147 9
389 948 155
389 1031 8
390 19 52
390 345 31
391 17 23
391 447 26
392 98 68
392 135 26
392 411 151
393 146 118
393 396 21
394 40 22
394 555 16
395 507 14
395 987 146
396 391 19
396 447 7
397 226 188
397 232 29
398 265 28
398 399 9
399 403 8
399 405 31
400 305 109
400 408 21
401 200 46
401 612 49
402 19 58
402 398 7
403 127 35
403 402 9
404 400 21
404 408 6
404 445 29
405 403 32
405 868 29
406 0 56
406 23 63
407 2 55
407 524 101
407 718 31
408 148 30
408 198 7
408 404 6
409 958 14
409 959 24
410 148 33
410 167 45
410 684 54
411 923 73
411 978 68
412 375 36
413 11 15
413 719 194
414 361 37
414 564 22
415 419 16
415 860 101
416 232 11
416 259 4
417 299 60
417 480 54
417 665 122
417 950 66
418 815 73
419 415 16
419 1112 128
420 32 51
420 981 27
421 145 177
421 608 119
422 481 236
422 512 115
423 67 93
423 357 122
423 633 253
424 669 5
424 670 19
424 979 30
425 218 111
425 460 7
426 131 81
426 1043 5
427 424 23
427 1016 91
428 648 34
428 659 67
428 833 66
428 1048 145
429 636 6
429 870 151
430 711 56
431 787 135
431 811 65
431 837 62
432 480 127
432 665 55
432 837 10
433 630 55
434 312 188
434 426 22
435 242 54
435 815 66
436 34 48
437 161 6
437 311 114
437 429 106
438 741 69
439 14 33
439 685 63
440 163 12
440 572 83
441 248 33
441 1095 14
442 1072 48
443 685 3
443 951 225
444 440 13
445 124 246
445 143 73
445 245 212
445 404 29
446 372 11
446 989 71
447 137 91
447 393 24
447 396 7
448 268 29
448 797 58
448 827 51
449 941 247
449 971 28
450 311 82
451 196 142
451 452 24
451 723 57
452 451 24
453 463 28
454 495 99
454 805 171
455 456 10
455 541 144
455 836 53
456 119 38
456 455 10
456 838 51
457 322 97
457 816 46
457 1056 121
458 342 170
458 461 8
459 225 229
459 1083 19
460 479 87
460 482 68
461 478 17
461 551 76
462 254 59
462 738 47
462 931 43
463 196 45
463 453 28
463 722 54
464 465 133
464 764 7
464 920 7
465 230 7
465 464 133
465 957 12
465 958 11
466 409 32
466 957 43
466 997 261
467 213 13
467 219 14
467 313 55
467 1107 48
468 1061 68
469 666 97
469 826 13
470 131 61
470 522 42
470 593 75
470 849 60
471 37 182
471 477 9
472 63 52
472 842 22
473 458 22
473 1052 15
474 468 11
474 1062 9
475 350 6
475 508 51
475 765 60
476 234 143
476 471 39
477 474 12
477 1063 40
478 473 15
478 1073 132
479 1032 7
479 1038 135
480 417 54
480 432 127
480 787 62
481 1064 5
481 1111 49
482 221 229
482 479 148
483 34 46
483 611 72
483 739 54
484 704 29
484 752 38
485 488 13
485 490 41
486 891 14
486 931 9
487 166 37
487 275 67
487 309 75
488 485 13
488 1046 93
489 91 45
489 1087 47
490 1069 54
491 577 58
491 1069 9
492 491 27
492 654 51
493 656 108
493 660 12
493 678 66
494 495 41
495 128 116
495 494 41
496 889 127
496 930 120
496 1034 50
497 498 18
498 497 18
498 501 37
498 1013 23
499 282 68
499 617 107
499 696 21
500 134 37
501 498 37
502 566 60
502 588 138
502 673 93
503 422 38
504 520 235
504 1080 21
505 509 77
505 1016 7
506 197 90
506 835 40
506 1082 85
507 818 17
507 995 8
508 199 57
508 693 127
509 505 77
509 687 49
509 689 48
510 221 10
510 874 75
511 16 32
511 993 44
511 994 36
512 317 49
512 945 215
513 350 88
514 206 59
514 518 17
514 1027 107
515 273 58
515 442 321
516 287 82
516 731 85
517 708 17
517 808 69
518 514 17
518 975 54
518 1028 34
519 117 90
519 381 508
519 667 11
519 881 13
520 203 5
520 504 235
520 583 109
520 1062 268
521 2 62
521 173 80
521 717 102
522 189 67
522 277 63
522 470 42
523 29 43
523 193 50
523 546 149
524 25 56
524 407 101
524 828 62
525 222 26
525 756 39
526 698 17
526 844 100
526 972 56
527 48 122
527 554 60
527 576 45
528 8 58
528 361 139
528 814 102
528 1114 198
529 242 17
529 775 58
530 183 108
531 638 73
531 1075 83
532 485 92
532 1046 11
533 51 42
533 570 73
533 635 99
534 46 37
534 379 41
534 385 38
535 292 82
535 570 94
535 774 72
535 793 113
536 194 35
536 292 73
536 657 200
537 968 133
538 735 14
538 887 118
539 235 16
539 540 21
540 539 21
540 1070 266
541 455 144
542 119 97
542 552 69
542 827 95
543 295 83
543 551 64
543 726 62
544 96 35
544 794 12
545 486 26
545 891 21
546 261 89
546 290 105
546 523 149
547 459 255
547 1108 104
548 602 80
548 878 21
549 603 72
549 1059 33
550 830 21
551 461 76
551 543 64
551 744 51
552 542 69
552 544 65
552 984 43
553 413 192
553 719 9
554 27 80
554 182 67
554 527 60
555 172 98
555 800 123
556 557 58
556 861 46
556 1090 51
557 556 58
557 558 38
557 1090 107
558 557 38
558 562 39
558 619 52
559 18 13
559 658 6
559 1017 11
560 1040 102
561 309 87
562 558 39
562 605 183
563 1 29
564 60 29
564 907 5
565 312 47
565 895 66
566 502 60
566 674 37
567 22 97
567 291 23
567 1045 57
568 266 77
569 846 55
570 533 73
570 535 94
570 616 70
571 29 82
571 858 36
571 859 24
572 224 129
572 440 83
572 646 112
573 574 6
573 884 33
574 585 14
575 848 46
575 993 126
575 1091 41
576 527 45
576 594 57
576 595 87
576 830 120
577 488 37
577 491 178
578 813 22
578 998 146
578 1033 55
579 119 53
579 802 57
579 1035 29
580 950 59
580 1051 87
581 75 27
581 202 123
581 652 59
582 687 159
583 520 109
584 573 14
585 880 15
586 27 106
587 11 75
587 781 214
587 1063 31
588 285 148
588 502 138
589 160 187
589 247 61
589 1004 55
590 1047 29
591 151 142
591 165 31
592 43 44
592 619 136
592 861 46
593 56 90
593 131 112
593 470 75
594 314 49
594 576 57
594 693 90
594 1091 31
595 199 131
595 576 87
595 693 56
596 632 50
596 851 9
597 622 91
598 381 8
598 714 54
599 975 111
599 1101 62
600 707 81
600 825 55
601 100 72
601 603 22
601 938 79
602 307 15
602 309 60
603 549 72
603 601 22
603 606 32
604 270 51
604 1021 87
605 562 183
605 610 56
606 603 32
606 1059 71
607 269 7
607 323 21
608 829 222
609 267 4
609 920 61
610 605 56
610 789 26
610 825 36
611 89 42
611 271 177
611 483 72
612 92 53
612 207 129
612 401 49
613 120 38
613 363 20
613 762 53
614 627 21
615 93 85
615 710 191
615 939 17
616 303 27
616 570 70
616 789 66
617 70 15
617 499 107
618 765 53
619 558 52
619 592 136
620 243 296
620 624 8
620 643 9
621 32 73
621 698 50
621 716 31
622 597 91
622 682 19
622 822 29
623 158 50
623 629 35
624 141 94
624 620 8
625 270 35
626 230 35
626 956 52
627 548 97
627 614 21
628 195 50
628 962 46
629 623 35
629 955 91
630 433 55
630 713 78
631 791 10
631 921 96
632 360 127
632 494 193
632 1026 26
633 420 25
633 423 253
633 983 19
634 635 58
634 676 54
634 1069 244
635 533 99
635 634 58
635 640 118
636 59 84
636 429 6
636 1047 37
637 256 15
637 716 45
637 981 24
638 362 53
638 435 187
638 531 73
639 43 89
640 635 118
640 644 47
640 651 82
641 9 58
641 35 143
641 841 57
642 185 52
643 138 8
643 223 118
644 51 220
644 640 47
644 648 57
645 3 39
645 107 176
645 647 51
646 572 112
647 310 262
647 645 51
648 5 63
648 428 34
648 644 57
648 1048 149
649 909 22
649 1114 37
650 1021 58
651 5 107
651 640 82
651 654 28
652 308 101
652 581 59
652 1030 188
653 727 32
653 894 180
654 114 91
654 492 51
654 651 28
654 656 9
655 624 9
655 643 9
656 493 108
656 654 9
656 991 64
657 536 200
657 661 68
657 664 65
657 833 38
658 559 6
658 700 321
658 824 21
659 5 53
659 428 67
659 664 101
660 5 26
660 114 17
660 493 12
660 663 59
661 657 68
661 664 121
661 977 272
662 337 48
662 700 37
663 106 25
663 660 59
663 666 12
664 657 65
664 659 101
664 661 121
664 826 25
665 417 122
665 432 55
665 839 17
666 154 49
666 663 12
667 519 11
667 784 91
667 939 9
668 223 60
668 243 120
669 424 5
669 427 24
669 763 180
670 365 44
670 669 20
671 13 30
671 254 133
672 678 62
672 991 46
673 304 171
673 502 93
674 101 107
674 301 68
674 566 37
675 956 121
675 1077 137
676 490 246
676 634 54
677 198 130
677 209 52
677 305 11
678 493 66
678 672 62
678 679 52
678 686 129
679 154 18
679 678 52
679 688 148
680 154 43
680 681 35
680 692 156
681 272 44
681 680 35
681 683 58
681 694 157
682 301 8
682 304 41
683 99 89
683 681 58
684 791 54
685 439 63
685 443 3
685 1050 64
686 678 129
686 688 25
687 509 49
687 582 159
687 877 48
688 679 148
688 686 25
688 692 58
689 509 48
689 737 68
689 877 53
690 136 6
691 993 20
692 680 156
692 688 58
692 694 38
693 508 127
693 594 90
693 595 56
693 835 50
694 681 157
694 692 38
695 299 212
696 36 112
696 499 21
696 882 10
697 963 39
698 65 49
698 526 17
698 621 50
699 979 19
700 468 12
700 658 321
700 1062 7
701 155 799
701 845 276
702 42 103
702 703 16
703 702 16
703 892 25
704 348 10
704 484 29
704 831 12
705 961 44
706 838 54
707 600 81
708 1053 19
709 529 41
710 709 21
711 430 56
711 1006 19
711 1083 60
712 90 292
713 188 111
713 630 78
713 1066 13
713 1089 43
714 598 54
715 371 36
716 621 31
716 637 45
716 952 18
717 25 59
717 173 278
717 521 102
717 828 177
718 26 63
718 33 162
718 407 31
718 943 60
719 441 162
719 553 9
719 781 107
720 298 58
720 974 53
721 198 56
721 209 116
721 962 12
722 137 41
722 463 54
722 723 100
723 209 25
723 451 57
723 722 100
724 178 91
724 180 51
724 183 139
725 914 71
725 927 66
725 928 77
726 543 62
726 815 61
726 982 117
727 283 232
727 653 32
727 822 76
728 733 68
728 808 130
728 899 51
729 822 111
730 191 96
730 444 26
731 266 81
731 853 8
731 855 16
732 263 54
732 265 47
732 569 108
733 517 6
734 38 12
734 735 76
735 538 14
735 734 76
736 81 25
736 195 50
736 196 26
737 689 68
738 462 47
739 483 54
740 55 107
740 232 34
741 173 28
741 280 128
741 438 69
742 913 22
742 1108 449
743 764 67
744 294 32
744 295 57
744 551 51
744 813 63
745 251 68
745 767 26
746 332 38
746 989 53
747 56 73
747 59 60
747 849 176
748 6 209
748 355 80
748 887 110
749 976 56
750 204 21
750 248 142
750 249 71
751 288 60
751 289 56
752 484 38
752 768 6
753 327 47
754 395 63
755 246 22
755 754 28
755 973 75
756 525 39
757 246 20
757 1008 18
758 371 37
759 246 21
759 755 32
760 761 12
761 760 12
761 873 75
762 613 53
763 16 46
763 1082 91
764 464 7
764 626 92
764 743 67
765 264 30
765 475 60
765 618 53
766 769 17
766 798 76
766 852 97
767 745 26
767 1070 11
768 348 27
768 807 9
769 766 17
769 883 219
770 349 95
770 808 67
770 916 86
771 4 109
771 261 153
771 290 42
772 287 361
772 951 71
773 752 20
774 51 59
774 194 54
774 535 72
774 1048 71
775 1005 7
776 796 96
776 984 15
777 362 163
777 709 40
778 897 67
779 214 64
779 376 96
779 1010 64
780 385 15
780 788 6
780 809 7
781 587 214
781 719 107
781 844 48
782 13 19
782 383 44
783 785 18
784 944 8
784 949 9
785 39 55
785 98 21
785 783 18
786 780 88
786 1031 25
787 297 65
787 431 135
787 480 62
788 385 20
788 790 34
789 610 26
789 616 66
789 793 32
790 368 18
790 806 25
791 920 66
792 145 188
792 871 62
792 897 41
793 340 80
793 535 113
793 789 32
794 418 58
794 544 12
795 984 59
796 66 96
797 172 29
797 448 58
797 1054 16
798 766 76
799 389 8
799 949 180
800 354 14
800 1035 20
801 68 97
801 113 101
801 803 119
801 1070 117
802 53 66
802 54 48
802 579 57
803 801 119
804 1076 43
804 1078 37
805 454 171
805 1078 68
806 788 10
806 790 25
806 809 12
807 864 21
808 708 61
808 728 130
808 770 67
809 41 55
809 333 9
809 780 7
809 806 12
810 94 5
810 812 4
810 932 243
811 238 76
811 297 137
811 431 65
812 510 154
813 296 59
813 578 22
813 744 63
814 528 102
814 1084 184
815 175 77
815 435 66
815 726 61
816 121 22
816 457 46
817 28 54
817 36 87
817 376 27
818 769 120
819 13 135
819 254 25
819 387 47
820 274 23
820 1039 18
821 773 7
821 1086 42
822 622 29
822 727 76
822 729 111
823 607 27
823 1005 185
824 559 25
824 941 64
825 600 55
825 610 36
826 95 41
826 103 25
826 469 13
826 664 25
827 448 51
827 542 95
827 832 18
828 33 30
828 524 62
828 717 177
829 231 118
829 397 80
830 48 46
830 550 21
830 576 120
830 848 55
831 704 12
832 827 18
833 194 203
833 428 66
833 657 38
834 290 57
835 264 34
835 314 88
835 506 40
835 693 50
836 208 43
836 296 168
836 455 53
837 431 62
837 432 10
837 839 54
838 185 109
838 456 51
838 706 54
839 665 17
839 837 54
839 992 46
840 157 24
840 238 87
840 339 42
841 174 63
841 186 51
841 641 57
842 277 73
842 472 22
843 859 61
844 37 13
844 526 100
844 781 48
845 29 44
845 877 130
846 169 43
847 366 63
847 884 110
847 1013 46
848 33 64
848 575 46
848 830 55
849 360 121
849 470 60
849 747 176
849 1020 55
850 12 86
850 1011 45
850 1105 58
851 870 14
851 912 35
852 890 31
852 995 29
853 516 84
853 731 8
854 821 9
855 50 52
855 240 23
855 731 16
856 49 103
856 240 62
856 1101 140
857 50 228
857 1101 52
858 571 36
859 571 24
859 843 61
860 415 101
861 4 41
861 556 46
861 592 46
862 4 65
863 49 58
863 206 103
863 1027 59
864 854 8
864 888 31
865 219 43
865 313 8
865 964 13
866 383 139
866 387 19
866 1015 59
867 262 34
867 375 36
867 1097 56
868 405 28
868 869 32
869 291 4
869 868 33
870 164 53
870 373 117
870 596 8
871 30 27
871 286 211
871 792 62
872 358 63
873 112 297
873 933 12
874 217 134
874 873 5
875 584 14
876 160 31
876 201 41
877 687 48
877 689 53
877 845 130
878 548 21
879 314 32
879 994 42
879 1091 49
880 875 6
881 89 101
881 519 13
881 947 89
881 966 85
882 58 122
882 300 135
882 696 10
883 334 25
883 1007 24
884 574 34
884 847 110
885 1009 41
885 1104 88
885 1105 59
886 49 116
886 206 71
886 1101 32
887 538 118
887 748 110
888 854 31
889 140 50
889 351 29
889 496 127
890 757 49
891 250 8
891 486 14
892 215 123
892 703 25
893 315 8
893 1012 35
894 283 58
894 384 58
894 653 180
895 179 14
895 565 66
896 179 15
896 895 21
896 960 140
897 30 100
897 778 67
897 792 41
898 1018 36
898 1092 5
899 374 44
899 901 15
900 97 46
900 258 15
901 733 10
901 899 15
901 904 40
902 104 19
902 935 16
903 91 180
903 97 24
903 927 53
904 329 43
904 901 40
904 905 10
905 324 422
905 904 10
905 1029 15
906 156 345
906 902 22
907 414 22
907 564 5
907 1084 33
908 6 13
909 607 6
909 823 27
910 45 353
910 900 14
911 177 86
912 636 109
913 94 19
913 107 14
913 919 21
914 725 71
914 917 42
914 929 113
915 917 65
915 918 2
915 930 152
916 770 86
917 91 53
917 914 42
917 915 65
918 228 62
918 915 2
918 1010 103
919 608 23
919 810 29
919 913 21
920 464 7
920 609 61
921 267 45
922 202 29
923 61 6
924 924 182
924 955 53
925 211 30
926 236 98
927 725 66
927 903 53
927 928 118
928 725 77
928 927 118
928 929 79
929 914 113
929 928 79
929 930 41
930 496 120
930 915 152
930 929 41
931 462 42
931 486 9
932 810 243
932 874 12
932 933 6
933 319 296
933 481 12
933 932 6
934 939 72
935 108 1
935 319 3
935 325 110
936 934 18
936 937 22
937 784 11
937 934 19
938 307 53
938 601 79
938 941 82
939 615 17
939 667 9
939 1058 506
940 942 11
941 449 247
941 824 64
941 938 82
942 191 37
942 940 11
943 116 17
943 718 60
944 117 7
944 948 13
944 949 13
945 512 215
945 961 74
945 1049 23
946 1094 104
947 881 89
947 946 25
948 117 11
948 389 155
948 946 22
949 617 116
949 937 11
950 417 66
950 580 59
950 1001 172
951 90 41
951 443 223
951 772 71
952 256 46
952 716 18
952 1024 24
953 92 105
953 120 53
953 184 27
954 43 55
954 261 44
954 320 69
955 0 12
955 629 91
955 924 53
956 675 121
956 957 24
957 466 43
957 958 15
958 167 9
958 465 11
958 959 19
959 410 21
960 545 17
960 896 140
961 177 71
961 705 44
961 945 74
962 628 46
962 721 12
962 965 114
963 38 84
963 345 36
963 697 39
964 865 13
964 1055 105
964 1108 31
965 7 65
965 962 114
966 881 85
967 350 91
967 1032 135
968 118 93
968 210 96
968 537 133
969 1092 34
970 973 17
971 449 28
972 241 76
972 281 125
972 526 56
973 755 75
973 970 17
974 288 54
974 720 53
975 133 57
975 518 54
975 599 111
976 80 58
976 251 34
976 749 56
977 45 24
977 292 68
977 340 178
977 661 272
978 211 63
978 411 68
978 1036 71
978 1042 61
979 375 42
979 424 30
979 699 19
980 357 9
981 420 27
981 637 24
981 983 16
982 96 18
982 295 50
982 726 117
983 256 23
983 633 19
983 981 16
984 552 43
984 776 15
984 795 59
985 23 247
985 191 154
986 333 30
986 352 30
986 806 25
987 988 15
988 987 15
988 1057 107
989 158 11
989 446 71
989 746 53
990 176 23
990 178 46
990 180 72
991 656 64
991 672 46
991 1044 124
992 378 35
992 839 46
992 1001 39
993 511 44
993 575 126
993 691 20
994 197 32
994 511 36
994 879 42
995 395 14
995 890 19
996 329 14
996 335 278
997 466 261
997 986 119
998 184 54
998 208 17
998 578 146
999 124 6
999 1000 77
1000 71 6
1000 999 77
1000 1002 77
1001 168 53
1001 950 172
1001 992 39
1002 123 8
1002 1000 77
1002 1004 30
1003 46 43
1003 385 28
1003 1042 70
1004 72 10
1004 589 55
1004 1002 30
1005 8 45
1005 775 7
1005 823 185
1006 515 26
1006 711 19
1007 334 7
1007 1019 305
1008 1009 93
1009 244 9
1009 885 41
1009 1011 122
1010 779 64
1010 918 103
1010 1034 58
1011 149 155
1011 850 45
1012 125 177
1012 893 35
1013 498 23
1013 847 46
1014 102 68
1014 325 10
1015 367 139
1015 866 59
1015 1088 62
1016 92 19
1016 427 91
1016 505 7
1017 24 109
1017 559 11
1018 967 122
1018 969 6
1019 1022 6
1020 912 94
1020 1047 104
1021 352 57
1021 604 87
1021 650 58
1022 374 60
1022 901 18
1023 220 66
1023 1093 48
1024 20 13
1024 227 51
1024 952 24
1025 222 20
1025 1028 109
1025 1093 96
1026 851 19
1026 912 31
1027 130 51
1027 514 107
1027 863 59
1027 1093 55
1028 518 34
1028 1025 109
1029 996 34
1030 201 109
1030 652 188
1031 389 8
1031 786 25
1031 799 8
1032 199 24
1032 425 82
1032 479 7
1033 88 43
1033 207 94
1033 578 55
1034 140 128
1034 496 50
1034 1010 58
1035 354 20
1035 579 29
1036 978 71
1037 318 14
1038 967 5
1038 969 121
1039 55 45
1039 105 122
1039 122 17
1039 820 18
1040 122 76
1040 560 102
1041 280 30
1042 978 61
1042 1003 70
1042 1100 173
1043 426 5
1043 434 21
1044 991 124
1045 567 57
1045 1096 80
1046 382 33
1046 488 212
1046 532 11
1047 590 29
1047 636 37
1047 1020 104
1048 428 145
1048 648 149
1048 774 71
1049 126 20
1049 893 218
1049 945 23
1050 69 27
1050 371 210
1050 685 64
1051 299 136
1051 1052 30
1052 473 15
1052 814 98
1052 1051 30
1053 905 13
1053 1012 261
1054 797 16
1055 547 38
1055 1065 16
1056 210 49
1056 457 121
1057 507 26
1057 818 29
1058 394 57
1059 614 39
1060 667 507
1060 1058 5
1061 18 239
1061 476 22
1062 520 268
1062 662 34
1062 700 7
1063 474 31
1063 587 31
1064 421 175
1064 932 12
1065 865 107
1065 1055 16
1065 1071 19
1066 18 64
1066 239 12
1066 713 13
1067 266 103
1067 1079 51
1068 388 41
1068 467 16
1069 491 9
1069 492 24
1069 634 244
1070 540 266
1070 767 11
1070 801 117
1071 1065 19
1071 1072 69
1072 442 48
1072 711 312
1072 1071 69
1073 175 7
1073 478 132
1074 328 12
1075 66 65
1075 531 83
1076 504 21
1076 1080 5
1077 675 137
1078 164 22
1078 804 37
1079 804 45
1079 1076 7
1080 1067 47
1080 1079 7
1081 1081 144
1081 200 103
1082 212 36
1082 506 85
1083 459 19
1083 711 60
1083 1071 316
1084 168 59
1084 907 33
1085 201 72
1085 202 61
1085 278 125
1086 133 41
1086 773 43
1087 60 61
1087 228 17
1087 489 47
1088 169 70
1088 263 48
1088 276 139
1088 1015 62
1089 713 43
1090 556 51
1090 557 107
1091 575 41
1091 594 31
1091 879 49
1092 1068 82
1093 1023 48
1093 1025 96
1093 1027 55
1094 136 22
1094 147 20
1095 15 31
1095 441 14
1095 553 169
1096 1045 80
1097 171 43
1097 260 88
1097 867 56
1098 534 57
1099 74 58
1100 6 189
1100 1042 173
1100 1103 53
1101 599 62
1101 856 140
1101 857 52
1101 886 32
1102 31 55
1102 369 20
1102 1114 23
1103 1103 69
1103 1100 53
1104 73 107
1104 233 54
1104 885 88
1105 850 58
1105 885 59
1106 76 58
1106 1099 6
1107 381 56
1107 388 8
1107 467 48
1108 742 449
1108 964 31
1109 1112 222
1110 79 59
1110 1106 5
1111 358 398
1111 1064 51
1112 15 66
1112 419 128
1112 1109 222
1113 267 108
1114 528 198
1114 649 37
1114 1102 23
