50 27 4 20
0 5 13
0 11 263
0 25 25
1 15 17
2 8 17
2 11 51
2 12 152
3 4 62
3 13 51
4 3 62
4 14 46
4 19 108
5 0 13
5 23 187
6 9 20
6 21 15
7 14 25
8 2 17
9 1 61
10 16 20
11 2 51
11 6 14
11 17 200
12 2 152
12 20 86
13 3 51
13 19 132
13 25 5
14 4 46
14 7 25
14 19 281
15 1 17
15 21 79
16 6 201
16 17 11
17 18 20
18 10 11
19 4 108
19 13 132
19 14 281
20 12 86
21 5 253
21 11 17
22 24 10
23 22 12
24 26 12
25 0 25
25 13 5
26 0 191
26 23 11
