1115 2574 978 440 25
1 159 203
1 407 56
1 956 12
2 238 16
2 564 29
3 26 102
3 408 55
3 522 62
4 357 56
4 1111 10
5 772 109
5 862 41
5 863 65
6 649 63
6 652 107
6 660 53
6 661 26
7 749 209
7 909 13
7 1101 189
8 199 127
8 632 27
8 966 65
9 529 58
9 1074 42
10 359 21
10 642 58
11 111 24
11 335 9
12 204 134
12 414 15
12 588 75
13 22 31
13 74 11
13 851 86
14 672 30
14 783 19
14 820 135
15 16 4
15 256 11
15 440 31
16 15 4
16 1096 31
16 1113 66
17 198 36
17 512 32
17 764 46
18 237 175
18 248 157
18 392 23
19 240 66
19 659 11
19 1062 239
20 391 52
20 399 57
21 1025 13
22 13 31
23 568 97
24 407 63
24 986 247
25 260 57
25 1018 108
26 3 102
26 525 56
26 718 59
27 49 58
27 555 121
28 117 183
28 177 67
28 555 80
28 587 106
29 32 36
29 230 107
29 818 54
30 524 43
30 572 82
30 846 44
31 280 65
31 872 27
31 898 100
32 29 36
32 283 123
32 1103 55
33 282 66
33 622 73
34 366 100
34 719 162
34 829 30
34 849 64
35 437 48
35 484 46
36 642 143
37 301 48
37 697 112
37 818 87
38 235 119
38 472 182
38 845 13
39 735 12
39 964 84
40 136 14
41 899 97
41 1069 18
42 787 33
42 810 55
43 136 5
43 703 103
44 593 44
44 640 89
44 955 55
45 46 10
45 298 38
45 901 351
46 45 10
46 702 424
46 978 24
47 412 16
47 535 37
48 112 33
48 116 58
49 27 58
49 528 122
49 831 46
50 857 103
50 864 58
50 887 116
51 299 27
51 856 52
52 534 42
52 645 220
52 775 59
53 97 64
53 297 66
53 553 37
54 803 66
55 803 48
56 741 107
56 1040 45
57 313 19
57 594 90
57 748 73
58 180 84
58 1075 70
59 87 69
59 206 32
59 883 122
60 162 25
60 748 60
61 908 29
61 1088 61
62 163 18
62 691 28
62 1099 21
63 66 26
64 223 63
64 473 52
65 79 48
65 356 116
66 63 26
66 68 69
66 699 49
67 173 55
67 1076 65
68 66 69
68 235 111
68 424 93
69 802 97
70 773 204
70 1051 27
71 324 39
71 937 100
72 124 81
72 125 77
72 144 112
72 1001 6
73 246 30
73 248 56
73 1005 10
74 13 11
74 1105 107
75 77 5
76 78 20
76 582 27
77 80 5
78 85 36
78 279 6
78 284 32
79 65 48
79 216 84
80 357 7
81 83 129
81 253 36
81 977 58
82 322 16
82 737 25
83 81 129
84 85 6
84 279 35
84 877 200
85 84 6
85 88 24
86 122 8
86 817 22
87 59 69
88 84 24
88 237 66
89 295 49
89 402 171
89 1034 43
90 35 57
90 612 42
90 882 101
91 204 106
91 713 292
91 952 41
92 160 52
92 490 45
92 904 180
92 918 53
93 506 19
93 613 53
93 954 105
94 363 49
94 616 85
94 711 154
95 108 29
95 811 5
95 813 8
96 827 41
96 911 46
97 53 64
97 545 35
97 983 18
98 259 51
98 904 24
99 786 21
99 924 157
100 470 45
100 684 89
101 550 23
101 602 72
102 675 107
103 109 41
103 504 46
104 107 49
104 827 25
105 86 87
106 307 16
107 104 49
107 664 25
108 95 29
108 646 176
108 914 14
109 320 2
109 504 15
110 105 23
110 903 18
111 11 24
112 320 20
112 907 8
113 48 32
113 112 7
114 802 101
115 655 91
115 661 17
116 117 36
116 907 92
117 28 183
117 116 36
117 281 63
117 944 17
118 520 90
118 945 7
118 949 11
119 969 93
120 457 38
120 543 97
120 580 53
121 217 38
121 614 38
121 954 53
122 325 9
122 1030 414
123 821 295
123 1040 17
124 72 81
124 246 16
124 1003 8
125 72 77
125 144 64
125 446 246
125 1000 6
126 127 23
126 1015 8
127 1015 22
127 1050 20
128 285 10
128 403 33
129 130 28
129 190 63
129 361 51
130 129 28
130 131 35
130 190 59
131 130 35
131 241 254
131 1028 51
132 278 52
132 427 81
132 471 61
132 594 112
133 286 136
133 303 45
134 976 57
134 1087 41
135 143 53
135 501 37
136 40 14
136 43 5
136 393 26
137 784 172
138 448 91
138 723 41
139 656 9
140 140 29
140 218 42
141 215 56
141 890 50
141 1035 128
142 135 61
142 143 8
143 142 8
143 621 94
144 72 112
144 125 64
144 446 73
145 178 119
145 316 120
145 347 82
146 287 59
146 422 177
146 793 188
147 248 39
147 387 91
147 394 118
148 163 17
148 691 13
149 405 29
149 411 33
150 151 15
150 153 273
151 193 12
151 244 21
151 332 24
152 193 42
152 592 142
153 154 53
154 110 335
154 157 28
155 667 49
155 680 18
155 681 43
156 153 26
156 191 250
157 45 1219
157 156 54
158 841 24
159 1 203
159 624 50
159 990 11
160 92 52
160 345 48
160 379 50
161 590 187
161 877 31
162 251 104
162 438 6
163 1032 9
163 1099 12
164 166 5
164 592 31
165 597 45
165 1079 22
166 447 15
167 488 37
168 466 8
168 685 17
169 581 152
169 1002 53
169 1085 59
170 388 152
170 1089 70
171 338 50
171 354 83
172 1098 43
173 67 55
173 556 98
173 798 29
174 522 80
174 718 278
174 742 28
175 280 239
175 287 56
175 842 63
176 776 74
176 816 77
176 1074 7
177 28 67
177 181 126
177 991 23
178 145 119
178 912 86
178 962 71
179 183 11
179 725 91
179 991 46
180 58 84
180 896 14
180 897 15
181 177 126
181 725 51
181 991 72
182 58 66
182 1075 13
183 179 11
183 184 33
183 555 67
184 183 33
184 531 108
184 725 139
185 208 52
185 954 27
185 999 54
186 209 54
186 643 52
186 839 109
187 187 201
187 842 51
188 285 16
189 714 111
190 129 63
190 130 59
190 523 67
191 151 22
191 332 23
192 731 96
192 943 37
192 986 154
193 244 12
193 669 125
194 524 50
195 537 35
195 775 54
195 834 203
196 629 50
196 737 50
197 452 142
197 464 45
197 737 26
198 17 36
198 315 43
198 507 90
198 995 32
199 8 127
199 409 7
199 678 130
199 722 56
200 596 131
200 1033 24
201 343 100
201 402 46
201 1082 103
202 877 41
202 1031 109
202 1086 72
203 582 123
203 923 29
203 1086 61
204 12 134
204 91 106
204 521 5
205 751 21
206 59 32
207 515 59
207 864 103
207 887 71
208 185 52
208 613 129
208 1034 94
209 186 54
209 837 43
209 999 17
210 678 52
210 722 116
210 724 25
211 294 92
211 969 96
211 1057 49
212 378 54
212 926 30
212 979 63
213 265 125
213 1019 204
214 599 96
215 141 56
215 301 85
215 780 64
216 79 84
217 121 38
218 140 42
218 219 6
218 461 108
219 218 6
219 762 61
220 214 20
220 866 43
221 278 50
221 1024 71
222 511 10
223 64 63
223 526 26
223 1026 20
224 139 117
224 669 60
225 573 129
226 920 81
227 56 301
227 226 47
228 1025 51
229 377 134
229 919 62
229 1088 17
230 29 107
231 957 28
231 958 9
232 417 17
232 631 13
232 1067 90
233 232 19
233 260 11
233 398 29
234 1105 54
235 38 119
235 68 111
235 477 143
236 540 16
237 18 175
237 88 66
237 927 98
238 2 16
238 316 289
238 347 62
239 379 167
239 812 76
239 841 87
240 417 95
240 1067 12
241 856 23
241 857 62
242 249 84
242 250 127
242 973 76
243 436 54
243 530 17
243 778 27
244 150 10
244 245 278
244 621 296
245 760 72
245 1010 9
246 73 30
246 124 16
246 446 212
247 755 19
247 756 22
247 1009 11
248 18 157
248 73 56
248 147 39
248 590 61
249 242 84
249 442 33
249 751 142
250 242 127
250 282 77
250 751 71
251 438 105
251 892 8
251 961 38
252 253 59
252 746 68
252 977 34
253 81 36
253 252 59
253 254 157
254 253 157
254 256 121
255 463 59
255 672 133
255 820 25
256 15 11
256 254 121
257 638 15
257 953 46
257 984 23
258 96 43
258 911 15
259 258 15
260 25 57
260 233 11
260 741 26
261 1098 88
262 547 89
262 772 153
262 955 44
263 263 136
263 868 34
264 733 54
264 847 89
264 1089 48
265 213 125
265 766 30
265 836 34
266 400 26
266 570 171
266 733 47
267 455 8
267 569 77
267 854 80
267 1068 103
268 610 4
268 922 45
268 1114 108
269 449 29
270 650 23
270 910 5
271 317 11
271 605 51
271 626 35
272 612 177
273 682 44
274 516 58
274 821 51
275 821 23
275 1007 110
276 628 70
277 368 60
278 132 52
278 221 50
278 523 63
278 843 73
279 76 21
279 78 6
279 1086 125
280 31 65
280 175 239
281 117 63
281 742 128
281 1042 30
282 33 66
282 250 77
282 973 125
283 32 123
283 270 67
283 500 68
284 78 32
284 728 232
284 895 58
285 128 10
285 188 16
285 286 41
286 133 136
286 285 41
287 146 59
287 175 56
287 872 211
288 367 83
288 517 82
288 773 361
289 752 60
289 975 54
290 367 8
290 721 115
290 752 56
291 547 105
291 772 42
291 835 57
292 381 56
292 568 23
292 870 4
293 341 135
293 536 82
293 537 73
293 978 68
294 211 92
295 89 49
295 343 89
295 745 32
296 544 83
296 745 57
296 983 50
297 53 66
297 814 59
297 837 168
298 45 38
298 788 65
298 812 137
299 51 27
299 721 58
300 418 60
300 696 212
300 1052 136
301 37 48
301 215 85
301 883 135
302 133 47
302 303 5
302 675 68
303 623 23
303 683 9
304 617 27
305 302 48
305 309 54
305 674 171
306 387 27
306 401 109
306 678 11
307 106 16
307 1041 42
308 603 15
308 607 80
308 939 53
309 305 54
309 653 101
310 488 75
310 562 87
310 603 60
311 314 13
311 648 262
311 965 8
312 438 114
312 451 82
313 57 19
313 435 188
313 566 47
314 311 13
314 468 55
315 198 43
315 595 49
315 836 88
315 880 32
316 145 120
316 238 289
316 894 8
317 271 11
318 513 49
319 729 176
319 1038 14
320 113 20
320 934 296
320 936 3
321 955 69
322 82 16
323 458 97
324 71 39
324 270 27
325 126 9
325 326 9
325 906 422
326 86 9
326 325 9
326 936 110
327 182 11
328 383 13
328 533 35
328 754 47
329 327 14
330 331 9
330 905 43
330 1020 11
331 330 9
332 152 16
333 333 357
333 747 38
334 353 25
334 800 119
334 810 9
335 11 9
335 1008 7
336 11 26
336 111 36
337 345 26
338 171 50
338 371 63
338 663 48
339 340 24
340 339 24
340 342 42
340 841 42
341 293 135
341 794 80
341 978 178
342 340 42
342 344 25
342 345 40
343 201 100
343 295 89
343 459 170
344 342 25
345 160 48
345 337 26
345 342 40
346 391 31
346 964 36
347 145 82
347 238 62
347 348 21
348 347 21
349 705 10
349 808 26
350 771 95
351 476 6
351 514 88
352 890 29
353 334 25
353 1022 57
354 171 35
355 899 108
356 65 116
356 749 80
357 4 57
357 648 44
358 360 19
358 424 122
358 981 9
359 10 21
359 873 63
359 1112 398
360 358 19
361 129 51
361 633 127
361 850 121
362 370 104
362 415 37
362 529 139
363 94 49
363 639 53
364 614 20
365 366 30
366 34 100
366 365 30
366 671 44
367 288 83
367 290 8
367 848 63
368 277 60
368 384 61
368 1016 139
369 791 18
369 998 100
370 362 104
370 1103 21
371 338 63
371 374 32
372 716 36
372 759 37
372 1051 210
373 445 5
373 731 26
374 371 32
374 871 117
375 1038 195
376 413 36
376 868 36
376 980 42
377 229 134
377 780 96
377 818 27
378 212 54
379 160 50
379 239 167
379 993 35
380 1004 10
381 381 144
381 292 56
382 520 508
382 1061 8
382 1108 56
383 328 13
384 368 61
384 783 44
384 867 139
385 895 58
386 369 71
386 380 22
386 781 15
387 147 91
387 306 27
388 820 47
388 867 19
389 395 6
389 1061 57
390 148 9
390 949 155
390 1032 8
391 20 52
391 346 31
392 18 23
392 448 26
393 99 68
393 136 26
393 412 151
394 147 118
394 397 21
395 41 22
395 556 16
396 508 14
396 988 146
397 392 19
397 448 7
398 227 188
398 233 29
399 266 28
399 400 9
400 404 8
400 406 31
401 306 109
401 409 21
402 201 46
402 613 49
403 20 58
403 399 7
404 128 35
404 403 9
405 401 21
405 409 6
405 446 29
406 404 32
406 869 29
407 1 56
407 24 63
408 3 55
408 525 101
408 719 31
409 149 30
409 199 7
409 405 6
410 959 14
410 960 24
411 149 33
411 168 45
411 685 54
412 924 73
412 979 68
413 376 36
414 12 15
414 720 194
415 362 37
415 565 22
416 420 16
416 861 101
417 233 11
417 260 4
418 300 60
418 481 54
418 666 122
418 951 66
419 816 73
420 416 16
420 1113 128
421 33 51
421 982 27
422 146 177
422 609 119
423 482 236
423 513 115
424 68 93
424 358 122
424 634 253
425 670 5
425 671 19
425 980 30
426 219 111
426 461 7
427 132 81
427 1044 5
428 425 23
428 1017 91
429 649 34
429 660 67
429 834 66
429 1049 145
430 637 6
430 871 151
431 712 56
432 788 135
432 812 65
432 838 62
433 481 127
433 666 55
433 838 10
434 631 55
435 313 188
435 427 22
436 243 54
436 816 66
437 35 48
438 162 6
438 312 114
438 430 106
439 742 69
440 15 33
440 686 63
441 164 12
441 573 83
442 249 33
442 1096 14
443 1073 48
444 686 3
444 952 225
445 441 13
446 125 246
446 144 73
446 246 212
446 405 29
447 373 11
447 990 71
448 138 91
448 394 24
448 397 7
449 269 29
449 798 58
449 828 51
450 942 247
450 972 28
451 312 82
452 197 142
452 453 24
452 724 57
453 452 24
454 464 28
455 496 99
455 806 171
456 457 10
456 542 144
456 837 53
457 120 38
457 456 10
457 839 51
458 323 97
458 817 46
458 1057 121
459 343 170
459 462 8
460 226 229
460 1084 19
461 480 87
461 483 68
462 479 17
462 552 76
463 255 59
463 739 47
463 932 43
464 197 45
464 454 28
464 723 54
465 466 133
465 765 7
465 921 7
466 231 7
466 465 133
466 958 12
466 959 11
467 410 32
467 958 43
467 998 261
468 214 13
468 220 14
468 314 55
468 1108 48
469 1062 68
470 667 97
470 827 13
471 132 61
471 523 42
471 594 75
471 850 60
472 38 182
472 478 9
473 64 52
473 843 22
474 459 22
474 1053 15
475 469 11
475 1063 9
476 351 6
476 509 51
476 766 60
477 235 143
477 472 39
478 475 12
478 1064 40
479 474 15
479 1074 132
480 1033 7
480 1039 135
481 418 54
481 433 127
481 788 62
482 1065 5
482 1112 49
483 222 229
483 480 148
484 35 46
484 612 72
484 740 54
485 705 29
485 753 38
486 489 13
486 491 41
487 892 14
487 932 9
488 167 37
488 276 67
488 310 75
489 486 13
489 1047 93
490 92 45
490 1088 47
491 1070 54
492 578 58
492 1070 9
493 492 27
493 655 51
494 657 108
494 661 12
494 679 66
495 496 41
496 129 116
496 495 41
497 890 127
497 931 120
497 1035 50
498 499 18
499 498 18
499 502 37
499 1014 23
500 283 68
500 618 107
500 697 21
501 135 37
502 499 37
503 567 60
503 589 138
503 674 93
504 423 38
505 521 235
505 1081 21
506 510 77
506 1017 7
507 198 90
507 836 40
507 1083 85
508 819 17
508 996 8
509 200 57
509 694 127
510 506 77
510 688 49
510 690 48
511 222 10
511 875 75
512 17 32
512 994 44
512 995 36
513 318 49
513 946 215
514 351 88
515 207 59
515 519 17
515 1028 107
516 274 58
516 443 321
517 288 82
517 732 85
518 709 17
518 809 69
519 515 17
519 976 54
519 1029 34
520 118 90
520 382 508
520 668 11
520 882 13
521 204 5
521 505 235
521 584 109
521 1063 268
522 3 62
522 174 80
522 718 102
523 190 67
523 278 63
523 471 42
524 30 43
524 194 50
524 547 149
525 26 56
525 408 101
525 829 62
526 223 26
526 757 39
527 699 17
527 845 100
527 973 56
528 49 122
528 555 60
528 577 45
529 9 58
529 362 139
529 815 102
529 1115 198
530 243 17
530 776 58
531 184 108
532 639 73
532 1076 83
533 486 92
533 1047 11
534 52 42
534 571 73
534 636 99
535 47 37
535 380 41
535 386 38
536 293 82
536 571 94
536 775 72
536 794 113
537 195 35
537 293 73
537 658 200
538 969 133
539 736 14
539 888 118
540 236 16
540 541 21
541 540 21
541 1071 266
542 456 144
543 120 97
543 553 69
543 828 95
544 296 83
544 552 64
544 727 62
545 97 35
545 795 12
546 487 26
546 892 21
547 262 89
547 291 105
547 524 149
548 460 255
548 1109 104
549 603 80
549 879 21
550 604 72
550 1060 33
551 831 21
552 462 76
552 544 64
552 745 51
553 543 69
553 545 65
553 985 43
554 414 192
554 720 9
555 28 80
555 183 67
555 528 60
556 173 98
556 801 123
557 558 58
557 862 46
557 1091 51
558 557 58
558 559 38
558 1091 107
559 558 38
559 563 39
559 620 52
560 19 13
560 659 6
560 1018 11
561 1041 102
562 310 87
563 559 39
563 606 183
564 2 29
565 61 29
565 908 5
566 313 47
566 896 66
567 503 60
567 675 37
568 23 97
568 292 23
568 1046 57
569 267 77
570 847 55
571 534 73
571 536 94
571 617 70
572 30 82
572 859 36
572 860 24
573 225 129
573 441 83
573 647 112
574 575 6
574 885 33
575 586 14
576 849 46
576 994 126
576 1092 41
577 528 45
577 595 57
577 596 87
577 831 120
578 489 37
578 492 178
579 814 22
579 999 146
579 1034 55
580 120 53
580 803 57
580 1036 29
581 951 59
581 1052 87
582 76 27
582 203 123
582 653 59
583 688 159
584 521 109
585 574 14
586 881 15
587 28 106
588 12 75
588 782 214
588 1064 31
589 286 148
589 503 138
590 161 187
590 248 61
590 1005 55
591 1048 29
592 152 142
592 166 31
593 44 44
593 620 136
593 862 46
594 57 90
594 132 112
594 471 75
595 315 49
595 577 57
595 694 90
595 1092 31
596 200 131
596 577 87
596 694 56
597 633 50
597 852 9
598 623 91
599 382 8
599 715 54
600 976 111
600 1102 62
601 708 81
601 826 55
602 101 72
602 604 22
602 939 79
603 308 15
603 310 60
604 550 72
604 602 22
604 607 32
605 271 51
605 1022 87
606 563 183
606 611 56
607 604 32
607 1060 71
608 270 7
608 324 21
609 830 222
610 268 4
610 921 61
611 606 56
611 790 26
611 826 36
612 90 42
612 272 177
612 484 72
613 93 53
613 208 129
613 402 49
614 121 38
614 364 20
614 763 53
615 628 21
616 94 85
616 711 191
616 940 17
617 304 27
617 571 70
617 790 66
618 71 15
618 500 107
619 766 53
620 559 52
620 593 136
621 244 296
621 625 8
621 644 9
622 33 73
622 699 50
622 717 31
623 598 91
623 683 19
623 823 29
624 159 50
624 630 35
625 142 94
625 621 8
626 271 35
627 231 35
627 957 52
628 549 97
628 615 21
629 196 50
629 963 46
630 624 35
630 956 91
631 434 55
631 714 78
632 792 10
632 922 96
633 361 127
633 495 193
633 1027 26
634 421 25
634 424 253
634 984 19
635 636 58
635 677 54
635 1070 244
636 534 99
636 635 58
636 641 118
637 60 84
637 430 6
637 1048 37
638 257 15
638 717 45
638 982 24
639 363 53
639 436 187
639 532 73
640 44 89
641 636 118
641 645 47
641 652 82
642 10 58
642 36 143
642 842 57
643 186 52
644 139 8
644 224 118
645 52 220
645 641 47
645 649 57
646 4 39
646 108 176
646 648 51
647 573 112
648 311 262
648 646 51
649 6 63
649 429 34
649 645 57
649 1049 149
650 910 22
650 1115 37
651 1022 58
652 6 107
652 641 82
652 655 28
653 309 101
653 582 59
653 1031 188
654 728 32
654 895 180
655 115 91
655 493 51
655 652 28
655 657 9
656 625 9
656 644 9
657 494 108
657 655 9
657 992 64
658 537 200
658 662 68
658 665 65
658 834 38
659 560 6
659 701 321
659 825 21
660 6 53
660 429 67
660 665 101
661 6 26
661 115 17
661 494 12
661 664 59
662 658 68
662 665 121
662 978 272
663 338 48
663 701 37
664 107 25
664 661 59
664 667 12
665 658 65
665 660 101
665 662 121
665 827 25
666 418 122
666 433 55
666 840 17
667 155 49
667 664 12
668 520 11
668 785 91
668 940 9
669 224 60
669 244 120
670 425 5
670 428 24
670 764 180
671 366 44
671 670 20
672 14 30
672 255 133
673 679 62
673 992 46
674 305 171
674 503 93
675 102 107
675 302 68
675 567 37
676 957 121
676 1078 137
677 491 246
677 635 54
678 199 130
678 210 52
678 306 11
679 494 66
679 673 62
679 680 52
679 687 129
680 155 18
680 679 52
680 689 148
681 155 43
681 682 35
681 693 156
682 273 44
682 681 35
682 684 58
682 695 157
683 302 8
683 305 41
684 100 89
684 682 58
685 792 54
686 440 63
686 444 3
686 1051 64
687 679 129
687 689 25
688 510 49
688 583 159
688 878 48
689 680 148
689 687 25
689 693 58
690 510 48
690 738 68
690 878 53
691 137 6
692 994 20
693 681 156
693 689 58
693 695 38
694 509 127
694 595 90
694 596 56
694 836 50
695 682 157
695 693 38
696 300 212
697 37 112
697 500 21
697 883 10
698 964 39
699 66 49
699 527 17
699 622 50
700 980 19
701 469 12
701 659 321
701 1063 7
702 156 799
702 846 276
703 43 103
703 704 16
704 703 16
704 893 25
705 349 10
705 485 29
705 832 12
706 962 44
707 839 54
708 601 81
709 1054 19
710 530 41
711 710 21
712 431 56
712 1007 19
712 1084 60
713 91 292
714 189 111
714 631 78
714 1067 13
714 1090 43
715 599 54
716 372 36
717 622 31
717 638 45
717 953 18
718 26 59
718 174 278
718 522 102
718 829 177
719 27 63
719 34 162
719 408 31
719 944 60
720 442 162
720 554 9
720 782 107
721 299 58
721 975 53
722 199 56
722 210 116
722 963 12
723 138 41
723 464 54
723 724 100
724 210 25
724 452 57
724 723 100
725 179 91
725 181 51
725 184 139
726 915 71
726 928 66
726 929 77
727 544 62
727 816 61
727 983 117
728 284 232
728 654 32
728 823 76
729 734 68
729 809 130
729 900 51
730 823 111
731 192 96
731 445 26
732 267 81
732 854 8
732 856 16
733 264 54
733 266 47
733 570 108
734 518 6
735 39 12
735 736 76
736 539 14
736 735 76
737 82 25
737 196 50
737 197 26
738 690 68
739 463 47
740 484 54
741 56 107
741 233 34
742 174 28
742 281 128
742 439 69
743 914 22
743 1109 449
744 765 67
745 295 32
745 296 57
745 552 51
745 814 63
746 252 68
746 768 26
747 333 38
747 990 53
748 57 73
748 60 60
748 850 176
749 7 209
749 356 80
749 888 110
750 977 56
751 205 21
751 249 142
751 250 71
752 289 60
752 290 56
753 485 38
753 769 6
754 328 47
755 396 63
756 247 22
756 755 28
756 974 75
757 526 39
758 247 20
758 1009 18
759 372 37
760 247 21
760 756 32
761 762 12
762 761 12
762 874 75
763 614 53
764 17 46
764 1083 91
765 465 7
765 627 92
765 744 67
766 265 30
766 476 60
766 619 53
767 770 17
767 799 76
767 853 97
768 746 26
768 1071 11
769 349 27
769 808 9
770 767 17
770 884 219
771 350 95
771 809 67
771 917 86
772 5 109
772 262 153
772 291 42
773 288 361
773 952 71
774 753 20
775 52 59
775 195 54
775 536 72
775 1049 71
776 1006 7
777 797 96
777 985 15
778 363 163
778 710 40
779 898 67
780 215 64
780 377 96
780 1011 64
781 386 15
781 789 6
781 810 7
782 588 214
782 720 107
782 845 48
783 14 19
783 384 44
784 786 18
785 945 8
785 950 9
786 40 55
786 99 21
786 784 18
787 781 88
787 1032 25
788 298 65
788 432 135
788 481 62
789 386 20
789 791 34
790 611 26
790 617 66
790 794 32
791 369 18
791 807 25
792 921 66
793 146 188
793 872 62
793 898 41
794 341 80
794 536 113
794 790 32
795 419 58
795 545 12
796 985 59
797 67 96
798 173 29
798 449 58
798 1055 16
799 767 76
800 390 8
800 950 180
801 355 14
801 1036 20
802 69 97
802 114 101
802 804 119
802 1071 117
803 54 66
803 55 48
803 580 57
804 802 119
805 1077 43
805 1079 37
806 455 171
806 1079 68
807 789 10
807 791 25
807 810 12
808 865 21
809 709 61
809 729 130
809 771 67
810 42 55
810 334 9
810 781 7
810 807 12
811 95 5
811 813 4
811 933 243
812 239 76
812 298 137
812 432 65
813 511 154
814 297 59
814 579 22
814 745 63
815 529 102
815 1085 184
816 176 77
816 436 66
816 727 61
817 122 22
817 458 46
818 29 54
818 37 87
818 377 27
819 770 120
820 14 135
820 255 25
820 388 47
821 275 23
821 1040 18
822 774 7
822 1087 42
823 623 29
823 728 76
823 730 111
824 608 27
824 1006 185
825 560 25
825 942 64
826 601 55
826 611 36
827 96 41
827 104 25
827 470 13
827 665 25
828 449 51
828 543 95
828 833 18
829 34 30
829 525 62
829 718 177
830 232 118
830 398 80
831 49 46
831 551 21
831 577 120
831 849 55
832 705 12
833 828 18
834 195 203
834 429 66
834 658 38
835 291 57
836 265 34
836 315 88
836 507 40
836 694 50
837 209 43
837 297 168
837 456 53
838 432 62
838 433 10
838 840 54
839 186 109
839 457 51
839 707 54
840 666 17
840 838 54
840 993 46
841 158 24
841 239 87
841 340 42
842 175 63
842 187 51
842 642 57
843 278 73
843 473 22
844 860 61
845 38 13
845 527 100
845 782 48
846 30 44
846 878 130
847 170 43
848 367 63
848 885 110
848 1014 46
849 34 64
849 576 46
849 831 55
850 361 121
850 471 60
850 748 176
850 1021 55
851 13 86
851 1012 45
851 1106 58
852 871 14
852 913 35
853 891 31
853 996 29
854 517 84
854 732 8
855 822 9
856 51 52
856 241 23
856 732 16
857 50 103
857 241 62
857 1102 140
858 51 228
858 1102 52
859 572 36
860 572 24
860 844 61
861 416 101
862 5 41
862 557 46
862 593 46
863 5 65
864 50 58
864 207 103
864 1028 59
865 855 8
865 889 31
866 220 43
866 314 8
866 965 13
867 384 139
867 388 19
867 1016 59
868 263 34
868 376 36
868 1098 56
869 406 28
869 870 32
870 292 4
870 869 33
871 165 53
871 374 117
871 597 8
872 31 27
872 287 211
872 793 62
873 359 63
874 113 297
874 934 12
875 218 134
875 874 5
876 585 14
877 161 31
877 202 41
878 688 48
878 690 53
878 846 130
879 549 21
880 315 32
880 995 42
880 1092 49
881 876 6
882 90 101
882 520 13
882 948 89
882 967 85
883 59 122
883 301 135
883 697 10
884 335 25
884 1008 24
885 575 34
885 848 110
886 1010 41
886 1105 88
886 1106 59
887 50 116
887 207 71
887 1102 32
888 539 118
888 749 110
889 855 31
890 141 50
890 352 29
890 497 127
891 758 49
892 251 8
892 487 14
893 216 123
893 704 25
894 316 8
894 1013 35
895 284 58
895 385 58
895 654 180
896 180 14
896 566 66
897 180 15
897 896 21
897 961 140
898 31 100
898 779 67
898 793 41
899 1019 36
899 1093 5
900 375 44
900 902 15
901 98 46
901 259 15
902 734 10
902 900 15
902 905 40
903 105 19
903 936 16
904 92 180
904 98 24
904 928 53
905 330 43
905 902 40
905 906 10
906 325 422
906 905 10
906 1030 15
907 157 345
907 903 22
908 415 22
908 565 5
908 1085 33
909 7 13
910 608 6
910 824 27
911 46 353
911 901 14
912 178 86
913 637 109
914 95 19
914 108 14
914 920 21
915 726 71
915 918 42
915 930 113
916 918 65
916 919 2
916 931 152
917 771 86
918 92 53
918 915 42
918 916 65
919 229 62
919 916 2
919 1011 103
920 609 23
920 811 29
920 914 21
921 465 7
921 610 61
922 268 45
923 203 29
924 62 6
925 925 182
925 956 53
926 212 30
927 237 98
928 726 66
928 904 53
928 929 118
929 726 77
929 928 118
929 930 79
930 915 113
930 929 79
930 931 41
931 497 120
931 916 152
931 930 41
932 463 42
932 487 9
933 811 243
933 875 12
933 934 6
934 320 296
934 482 12
934 933 6
935 940 72
936 109 1
936 320 3
936 326 110
937 935 18
937 938 22
938 785 11
938 935 19
939 308 53
939 602 79
939 942 82
940 616 17
940 668 9
940 1059 506
941 943 11
942 450 247
942 825 64
942 939 82
943 192 37
943 941 11
944 117 17
944 719 60
945 118 7
945 949 13
945 950 13
946 513 215
946 962 74
946 1050 23
947 1095 104
948 882 89
948 947 25
949 118 11
949 390 155
949 947 22
950 618 116
950 938 11
951 418 66
951 581 59
951 1002 172
952 91 41
952 444 223
952 773 71
953 257 46
953 717 18
953 1025 24
954 93 105
954 121 53
954 185 27
955 44 55
955 262 44
955 321 69
956 1 12
956 630 91
956 925 53
957 676 121
957 958 24
958 467 43
958 959 15
959 168 9
959 466 11
959 960 19
960 411 21
961 546 17
961 897 140
962 178 71
962 706 44
962 946 74
963 629 46
963 722 12
963 966 114
964 39 84
964 346 36
964 698 39
965 866 13
965 1056 105
965 1109 31
966 8 65
966 963 114
967 882 85
968 351 91
968 1033 135
969 119 93
969 211 96
969 538 133
970 1093 34
971 974 17
972 450 28
973 242 76
973 282 125
973 527 56
974 756 75
974 971 17
975 289 54
975 721 53
976 134 57
976 519 54
976 600 111
977 81 58
977 252 34
977 750 56
978 46 24
978 293 68
978 341 178
978 662 272
979 212 63
979 412 68
979 1037 71
979 1043 61
980 376 42
980 425 30
980 700 19
981 358 9
982 421 27
982 638 24
982 984 16
983 97 18
983 296 50
983 727 117
984 257 23
984 634 19
984 982 16
985 553 43
985 777 15
985 796 59
986 24 247
986 192 154
987 334 30
987 353 30
987 807 25
988 989 15
989 988 15
989 1058 107
990 159 11
990 447 71
990 747 53
991 177 23
991 179 46
991 181 72
992 657 64
992 673 46
992 1045 124
993 379 35
993 840 46
993 1002 39
994 512 44
994 576 126
994 692 20
995 198 32
995 512 36
995 880 42
996 396 14
996 891 19
997 330 14
997 336 278
998 467 261
998 987 119
999 185 54
999 209 17
999 579 146
1000 125 6
1000 1001 77
1001 72 6
1001 1000 77
1001 1003 77
1002 169 53
1002 951 172
1002 993 39
1003 124 8
1003 1001 77
1003 1005 30
1004 47 43
1004 386 28
1004 1043 70
1005 73 10
1005 590 55
1005 1003 30
1006 9 45
1006 776 7
1006 824 185
1007 516 26
1007 712 19
1008 335 7
1008 1020 305
1009 1010 93
1010 245 9
1010 886 41
1010 1012 122
1011 780 64
1011 919 103
1011 1035 58
1012 150 155
1012 851 45
1013 126 177
1013 894 35
1014 499 23
1014 848 46
1015 103 68
1015 326 10
1016 368 139
1016 867 59
1016 1089 62
1017 93 19
1017 428 91
1017 506 7
1018 25 109
1018 560 11
1019 968 122
1019 970 6
1020 1023 6
1021 913 94
1021 1048 104
1022 353 57
1022 605 87
1022 651 58
1023 375 60
1023 902 18
1024 221 66
1024 1094 48
1025 21 13
1025 228 51
1025 953 24
1026 223 20
1026 1029 109
1026 1094 96
1027 852 19
1027 913 31
1028 131 51
1028 515 107
1028 864 59
1028 1094 55
1029 519 34
1029 1026 109
1030 997 34
1031 202 109
1031 653 188
1032 390 8
1032 787 25
1032 800 8
1033 200 24
1033 426 82
1033 480 7
1034 89 43
1034 208 94
1034 579 55
1035 141 128
1035 497 50
1035 1011 58
1036 355 20
1036 580 29
1037 979 71
1038 319 14
1039 968 5
1039 970 121
1040 56 45
1040 106 122
1040 123 17
1040 821 18
1041 123 76
1041 561 102
1042 281 30
1043 979 61
1043 1004 70
1043 1101 173
1044 427 5
1044 435 21
1045 992 124
1046 568 57
1046 1097 80
1047 383 33
1047 489 212
1047 533 11
1048 591 29
1048 637 37
1048 1021 104
1049 429 145
1049 649 149
1049 775 71
1050 127 20
1050 894 218
1050 946 23
1051 70 27
1051 372 210
1051 686 64
1052 300 136
1052 1053 30
1053 474 15
1053 815 98
1053 1052 30
1054 906 13
1054 1013 261
1055 798 16
1056 548 38
1056 1066 16
1057 211 49
1057 458 121
1058 508 26
1058 819 29
1059 395 57
1060 615 39
1061 668 507
1061 1059 5
1062 19 239
1062 477 22
1063 521 268
1063 663 34
1063 701 7
1064 475 31
1064 588 31
1065 422 175
1065 933 12
1066 866 107
1066 1056 16
1066 1072 19
1067 19 64
1067 240 12
1067 714 13
1068 267 103
1068 1080 51
1069 389 41
1069 468 16
1070 492 9
1070 493 24
1070 635 244
1071 541 266
1071 768 11
1071 802 117
1072 1066 19
1072 1073 69
1073 443 48
1073 712 312
1073 1072 69
1074 176 7
1074 479 132
1075 329 12
1076 67 65
1076 532 83
1077 505 21
1077 1081 5
1078 676 137
1079 165 22
1079 805 37
1080 805 45
1080 1077 7
1081 1068 47
1081 1080 7
1082 1082 144
1082 201 103
1083 213 36
1083 507 85
1084 460 19
1084 712 60
1084 1072 316
1085 169 59
1085 908 33
1086 202 72
1086 203 61
1086 279 125
1087 134 41
1087 774 43
1088 61 61
1088 229 17
1088 490 47
1089 170 70
1089 264 48
1089 277 139
1089 1016 62
1090 714 43
1091 557 51
1091 558 107
1092 576 41
1092 595 31
1092 880 49
1093 1069 82
1094 1024 48
1094 1026 96
1094 1028 55
1095 137 22
1095 148 20
1096 16 31
1096 442 14
1096 554 169
1097 1046 80
1098 172 43
1098 261 88
1098 868 56
1099 535 57
1100 75 58
1101 7 189
1101 1043 173
1101 1104 53
1102 600 62
1102 857 140
1102 858 52
1102 887 32
1103 32 55
1103 370 20
1103 1115 23
1104 1104 69
1104 1101 53
1105 74 107
1105 234 54
1105 886 88
1106 851 58
1106 886 59
1107 77 58
1107 1100 6
1108 382 56
1108 389 8
1108 468 48
1109 743 449
1109 965 31
1110 1113 222
1111 80 59
1111 1107 5
1112 359 398
1112 1065 51
1113 16 66
1113 420 128
1113 1110 222
1114 268 108
1115 529 198
1115 650 37
1115 1103 23
7 1
52 1
81 1
129 1
153 1
208 1
219 1
267 1
275 1
444 1
454 1
488 1
507 1
516 1
525 1
576 1
757 1
803 1
888 1
905 1
909 1
921 1
1018 1
1033 1
1112 1
