305 655 167 10 30
1 121 88
1 160 197
2 95 11
3 220 15
3 275 58
3 290 207
4 163 14
4 220 30
5 34 15
5 149 127
5 181 101
6 26 30
6 32 28
6 294 146
7 283 74
8 86 313
9 49 21
10 246 8
11 144 66
11 185 14
12 88 152
12 182 290
12 194 230
13 179 6
14 171 6
15 112 124
15 140 73
15 298 73
16 17 47
17 16 47
17 39 18
17 280 51
18 19 62
18 96 88
18 205 110
19 18 62
19 59 59
19 199 111
20 146 7
21 23 109
21 45 18
21 288 83
22 45 84
22 138 189
22 288 18
23 21 109
23 186 213
23 288 173
24 216 321
24 287 8
25 47 63
25 203 97
25 298 67
26 6 30
26 209 97
26 294 122
27 32 113
27 266 138
27 289 17
28 165 6
29 218 10
30 73 203
30 227 112
30 274 68
31 44 73
31 272 69
32 6 28
32 27 113
32 266 28
33 53 234
33 275 106
33 292 82
34 5 15
34 56 28
34 268 28
35 143 29
35 195 15
36 68 58
37 54 88
37 219 12
37 295 140
38 103 32
39 17 18
39 222 24
39 224 66
40 112 57
40 283 34
41 290 6
42 200 61
43 125 7
43 179 153
43 225 7
44 31 73
44 201 221
45 21 18
45 22 84
45 184 86
46 72 44
46 127 176
46 218 114
47 25 63
47 126 104
47 296 66
48 24 112
48 167 9
49 79 19
49 187 87
50 52 13
50 67 65
50 68 117
51 209 6
52 50 13
52 77 55
52 161 96
53 33 234
53 121 100
53 160 87
54 48 20
54 91 641
55 139 50
56 34 28
56 289 29
57 58 145
57 107 184
57 303 288
58 57 145
58 120 55
58 253 43
59 19 59
59 97 153
60 70 57
60 209 35
60 284 193
61 300 37
62 66 47
62 81 55
62 253 34
63 71 5
63 277 66
63 299 113
64 65 168
64 102 28
64 271 30
65 64 168
65 271 138
65 293 158
66 62 47
66 67 32
66 226 40
67 50 65
67 66 32
67 243 56
68 36 58
68 50 117
68 156 88
69 223 86
69 282 44
70 60 57
70 102 57
70 284 134
71 63 5
72 41 9
72 85 63
73 30 203
73 107 15
73 159 41
73 227 42
74 106 146
74 152 79
74 230 53
75 128 53
75 269 554
76 194 442
76 247 19
76 251 22
77 77 82
77 52 55
78 213 86
79 48 646
79 91 21
80 257 329
81 81 84
81 62 55
82 188 122
83 164 44
83 282 8
84 287 142
85 41 60
85 164 55
86 197 71
86 276 73
87 10 347
88 12 152
88 147 102
88 182 147
89 178 40
90 270 105
91 9 18
92 94 57
92 102 56
92 135 133
93 174 19
94 92 57
94 119 57
94 129 133
95 180 17
96 18 88
96 119 133
96 129 60
97 59 153
97 123 60
98 267 37
99 93 4
100 137 10
100 279 228
101 216 8
101 287 321
102 64 28
102 70 57
102 92 56
102 193 134
103 89 21
104 107 42
104 123 31
104 227 19
104 274 180
105 176 330
105 254 13
106 74 146
106 113 75
106 152 70
107 57 184
107 73 15
107 104 42
108 153 13
109 159 33
110 54 10
110 219 87
111 35 203
112 15 124
112 40 57
113 106 75
113 118 86
113 152 154
114 173 16
115 125 153
115 179 8
116 116 88
116 253 41
117 156 74
118 113 86
119 94 57
119 96 133
119 122 47
120 120 83
120 58 55
121 1 88
121 53 100
122 119 47
122 123 59
122 205 42
123 97 60
123 104 31
123 122 59
123 199 41
124 233 65
124 278 70
125 43 7
125 108 306
126 47 104
126 258 22
126 304 58
127 46 176
128 51 217
128 162 34
129 94 133
129 96 60
129 135 55
130 140 103
130 255 347
130 259 140
131 141 23
132 256 10
132 273 60
133 137 51
133 210 19
134 169 121
134 219 18
134 249 77
134 255 121
135 92 133
135 129 55
135 193 56
136 8 92
136 131 139
137 100 10
137 133 51
137 237 323
138 22 189
138 239 74
138 240 35
139 55 50
139 78 137
139 261 14
140 15 73
140 130 103
140 212 88
140 283 94
141 10 158
142 4 18
142 278 62
143 44 75
143 194 81
144 185 64
144 300 42
145 230 243
145 259 9
146 20 7
146 150 7
146 264 119
147 88 102
147 182 251
147 230 101
148 200 50
148 208 57
149 5 127
149 181 28
149 192 30
150 146 7
150 217 138
151 281 164
152 74 79
152 106 70
152 113 154
153 105 15
154 155 74
155 154 74
155 156 21
155 286 59
156 68 88
156 117 74
156 155 21
157 145 17
157 241 9
158 183 11
158 192 92
158 204 116
159 73 41
159 109 33
159 291 55
160 1 197
160 53 87
160 275 64
161 52 96
161 285 11
161 302 176
162 132 382
162 305 78
163 244 48
164 85 55
164 282 48
165 176 14
166 190 5
167 75 710
167 110 20
168 240 124
169 134 121
169 295 283
169 296 68
170 35 13
170 80 39
171 14 6
171 172 8
171 175 81
172 115 84
172 171 8
173 111 181
173 257 123
174 2 21
175 146 138
175 191 7
175 217 7
176 11 5
177 166 17
177 265 491
178 215 15
179 13 6
179 115 8
179 171 84
180 99 32
180 211 132
181 5 101
181 149 28
181 266 28
182 12 290
182 88 147
182 147 251
183 158 11
183 204 180
183 268 32
184 45 86
184 186 9
184 295 97
185 177 5
186 21 85
186 23 213
186 184 9
187 38 55
188 114 123
188 245 57
189 261 98
190 28 13
190 221 34
191 175 7
192 149 30
192 158 92
192 204 26
193 102 134
193 135 56
193 284 56
194 12 230
194 76 442
194 195 89
195 170 13
195 260 354
196 197 86
196 234 23
197 78 8
197 276 23
198 151 11
199 19 111
199 123 41
199 205 60
200 42 61
200 148 50
200 222 155
201 31 134
201 202 64
202 228 91
202 272 114
203 25 97
203 212 75
203 258 52
204 158 116
204 183 180
204 192 26
205 18 110
205 122 42
205 199 60
206 207 88
207 206 88
207 299 101
208 148 57
209 26 97
209 51 6
209 60 35
209 162 215
210 133 19
211 231 6
212 140 88
212 203 75
212 298 87
213 196 8
213 214 67
214 196 67
215 79 82
215 187 24
216 101 8
216 263 121
217 172 81
217 175 7
218 29 10
218 46 114
218 248 56
219 37 12
219 134 18
220 3 15
220 163 35
221 28 34
222 39 24
222 200 155
222 299 6
223 69 86
224 39 66
225 43 7
226 226 88
226 66 40
227 30 112
227 73 42
227 104 19
228 202 91
228 272 176
228 275 117
229 166 490
229 265 13
230 74 53
230 145 243
230 147 101
231 137 234
231 279 19
232 131 252
233 46 44
233 72 7
234 141 475
234 232 203
235 273 176
236 240 49
237 277 67
237 297 10
238 100 319
238 237 11
239 138 74
240 138 35
240 168 124
240 236 49
241 110 559
242 43 294
242 108 14
243 243 77
243 67 56
244 114 95
245 98 524
245 142 101
246 198 120
247 76 19
247 250 49
247 251 21
248 218 56
249 134 77
249 296 110
249 304 19
250 247 49
251 76 22
251 247 21
251 262 149
252 99 133
252 211 31
253 58 43
253 62 34
253 116 41
254 242 30
255 130 347
255 134 121
255 258 107
255 304 31
256 170 356
256 260 12
257 82 100
257 161 277
258 126 22
258 203 52
258 255 107
259 130 140
259 145 9
259 241 17
260 132 12
260 305 402
261 139 14
261 189 98
262 251 149
263 150 119
263 264 11
264 101 122
264 263 11
265 252 8
266 27 138
266 32 28
266 181 28
267 87 1612
268 34 28
268 183 32
269 128 563
270 83 48
270 90 105
271 64 30
271 65 138
271 293 29
271 294 16
272 31 69
272 228 176
273 235 176
273 256 55
274 30 68
274 104 180
275 3 58
275 33 106
275 160 64
275 228 117
276 261 113
277 63 66
277 297 68
278 4 50
278 124 70
279 229 29
280 17 51
280 301 51
281 136 6
282 69 44
282 83 8
282 270 45
283 7 74
283 40 34
283 140 94
284 60 193
284 70 134
284 193 56
285 82 265
285 161 11
286 155 59
287 24 8
287 84 142
287 167 105
288 22 18
288 23 173
288 239 123
289 27 17
289 56 29
289 293 32
290 124 59
290 233 10
291 159 55
292 33 82
292 83 124
293 65 158
293 271 29
293 289 32
294 6 146
294 26 122
294 271 16
295 37 140
295 169 283
295 184 97
296 47 66
296 169 68
296 249 110
297 285 181
297 302 11
298 15 73
298 25 67
298 212 87
299 63 113
299 207 101
299 222 6
300 61 37
300 144 42
301 280 51
302 238 11
302 303 92
303 57 288
303 238 90
304 126 58
304 249 19
304 255 31
305 75 63
305 157 147
5 2551
7 1109
29 878
41 2188
50 1931
80 237
81 1579
86 475
96 2799
109 1302
112 961
113 408
137 2141
141 1377
151 1991
157 1200
161 2365
179 2609
197 3236
198 2888
208 553
223 1254
226 1
252 1
255 1
265 1330
284 1786
287 2381
290 2024
300 1239
