263 567 19 164 35
1 153 179
1 256 46
2 24 137
2 223 14
3 197 18
4 8 30
4 166 109
4 168 128
5 56 263
6 101 58
6 121 45
7 36 61
7 232 173
7 233 7
8 4 30
8 24 6
8 149 19
9 243 29
10 140 106
10 169 72
10 254 33
11 58 15
12 176 14
12 182 10
12 200 10
13 30 60
13 31 22
13 90 28
14 23 67
14 37 67
14 243 155
15 16 19
16 82 44
17 203 30
17 229 114
17 244 44
18 209 12
19 5 14
20 146 36
20 181 31
20 229 53
21 11 18
21 81 21
22 139 265
23 14 67
23 65 34
23 214 202
24 8 6
24 223 129
25 86 36
25 257 95
26 61 239
27 15 484
27 134 34
27 211 12
28 42 92
29 169 130
29 186 53
30 13 60
30 31 40
30 201 65
31 13 22
31 30 40
31 216 123
32 204 93
33 70 8
33 234 28
34 60 91
34 63 34
34 84 48
35 86 99
35 257 13
36 7 61
36 231 25
37 14 67
37 192 155
38 75 196
38 106 71
39 38 59
39 106 13
40 55 44
40 210 62
41 67 36
41 129 142
41 165 42
42 28 92
42 43 28
42 69 24
43 42 28
43 44 100
43 69 23
44 43 100
45 48 29
45 200 530
46 141 91
46 157 13
47 73 174
47 261 14
48 176 498
48 184 24
48 220 45
49 76 29
49 135 11
50 71 312
50 87 331
50 202 58
51 134 107
52 73 12
52 261 175
53 52 63
54 117 29
54 118 60
54 259 12
55 40 44
56 21 73
56 58 50
57 143 5
57 159 14
58 19 311
59 57 14
59 245 222
60 34 91
61 59 370
61 135 370
62 150 46
63 34 34
63 68 26
63 125 22
64 64 73
64 224 136
65 23 34
65 115 78
65 263 81
66 97 46
66 132 65
67 41 36
67 130 74
67 164 118
67 230 217
68 63 26
68 94 109
68 125 17
69 42 24
69 43 23
69 96 46
70 33 8
70 47 160
71 104 61
71 122 8
71 162 54
72 257 58
73 144 13
74 140 79
75 38 196
75 93 45
75 102 11
76 111 627
77 79 7
77 187 29
78 132 37
78 169 47
79 77 7
79 152 143
80 45 20
81 27 484
82 91 37
82 260 110
83 236 86
84 34 48
84 105 80
84 190 201
85 92 13
85 119 158
86 208 50
87 50 331
87 202 144
87 223 133
88 125 63
89 80 22
90 13 28
91 239 44
92 35 159
92 39 12
93 25 40
94 68 109
94 180 81
94 203 97
95 89 202
95 96 110
96 69 46
96 89 95
97 66 46
98 244 29
99 127 140
99 242 164
99 262 161
100 116 14
100 168 35
100 236 75
100 242 176
101 6 58
101 120 14
101 210 126
102 75 11
102 153 9
102 220 241
103 250 28
104 122 62
104 262 416
105 84 80
106 85 12
106 154 322
107 126 48
107 151 144
107 235 73
108 152 7
108 155 8
108 217 67
109 189 37
110 26 63
110 112 41
110 255 9
111 145 8
111 191 30
112 26 44
112 111 13
113 255 29
114 218 36
114 219 36
115 65 78
115 130 159
115 187 53
116 100 14
116 166 25
116 242 181
117 54 29
118 54 60
118 217 20
118 227 151
119 2 69
119 124 13
119 149 224
120 101 14
120 206 34
120 214 29
121 206 24
121 209 101
122 50 321
122 71 8
122 248 45
123 123 96
123 128 50
124 92 157
124 119 13
125 63 22
125 68 17
125 88 63
126 107 48
127 99 140
127 193 53
127 259 83
128 123 50
128 165 66
128 221 158
128 251 89
129 41 142
129 164 23
129 251 302
130 67 74
130 115 159
130 193 112
131 140 76
132 66 65
132 78 37
133 133 68
133 224 23
134 27 34
134 51 107
134 225 455
135 59 8
135 143 15
136 177 9
136 178 55
137 11 26
138 136 13
139 22 265
139 193 208
139 221 38
140 10 106
140 74 79
140 131 76
141 157 82
142 49 81
142 161 15
143 231 11
144 52 10
144 53 63
145 171 13
146 20 36
147 149 42
147 163 44
147 203 34
148 7 13
148 91 181
148 142 15
149 8 19
149 119 224
149 147 42
150 62 46
150 180 57
150 190 86
151 107 144
151 167 7
152 79 143
152 108 7
152 155 50
153 1 179
153 95 27
153 102 9
154 29 50
154 186 10
155 108 8
155 152 50
155 227 59
156 195 8
157 241 94
157 245 16
158 175 72
158 205 190
159 36 32
160 217 34
161 76 79
162 71 54
162 202 410
162 262 144
163 147 44
164 67 118
164 129 23
164 218 75
165 41 42
165 128 66
165 188 45
166 4 109
166 116 25
166 168 16
167 151 7
167 227 61
168 4 128
168 100 35
168 166 16
169 10 72
169 29 130
169 78 47
170 174 4
170 194 52
170 233 9
171 112 8
171 113 12
172 85 327
172 154 13
173 209 25
174 170 4
174 185 5
174 194 47
175 158 72
175 201 87
175 216 61
176 48 498
176 200 16
177 138 12
177 172 279
178 177 55
178 189 39
179 75 252
179 220 19
180 94 81
180 150 57
180 253 34
181 20 31
181 213 53
181 236 102
182 12 10
182 184 528
183 142 56
183 161 66
184 179 25
185 174 5
185 198 5
185 207 47
186 138 285
186 172 13
187 77 29
187 115 53
187 224 40
188 165 45
189 109 37
189 178 39
190 84 201
190 150 86
190 252 54
191 145 30
192 37 155
192 243 68
193 127 53
193 130 112
193 139 208
194 207 5
195 156 8
195 210 139
196 263 32
197 3 18
197 249 15
197 254 11
198 185 5
198 212 5
198 215 46
199 249 25
200 12 10
201 30 65
201 175 87
202 50 58
202 87 144
202 162 410
203 17 30
203 94 97
203 147 34
204 32 93
204 214 10
204 243 64
205 158 190
205 216 56
205 263 65
206 120 34
206 121 24
206 240 33
207 215 6
208 16 34
208 211 504
209 18 12
209 121 101
209 173 25
210 40 62
210 101 126
210 195 139
211 27 12
211 137 484
212 198 5
212 228 5
212 237 46
213 181 53
213 229 30
213 250 243
214 23 202
214 120 29
214 204 10
215 237 4
216 31 123
216 175 61
216 205 56
217 108 67
217 118 20
217 160 34
218 114 36
218 164 75
219 114 36
219 230 33
220 48 45
220 80 23
220 102 241
221 128 158
221 139 38
221 222 35
222 221 35
222 251 36
223 2 14
223 87 133
223 124 69
224 64 136
224 133 23
224 187 40
225 15 50
225 134 455
226 33 163
226 47 11
227 118 151
227 155 59
227 167 61
228 212 5
228 246 5
228 247 46
229 17 114
229 20 53
229 213 30
230 67 217
230 219 33
231 49 15
231 135 18
231 148 84
232 233 167
233 7 7
233 148 13
233 170 9
234 70 25
235 107 73
235 238 59
235 259 72
236 83 86
236 100 75
236 181 102
237 247 5
238 235 59
239 93 43
239 153 42
240 206 33
241 57 114
241 159 117
242 99 164
242 100 176
242 116 181
243 9 29
243 14 155
243 192 68
243 204 64
244 17 44
244 98 29
244 250 23
245 46 15
245 226 135
246 228 5
246 256 5
246 258 46
247 258 5
248 248 93
248 122 45
249 197 15
249 199 25
249 254 8
250 103 28
250 213 243
250 244 23
251 128 89
251 129 302
251 222 36
252 190 54
253 180 34
254 10 33
254 197 11
254 249 8
255 110 9
256 246 5
257 35 13
257 39 152
257 72 58
258 1 5
259 54 12
259 127 83
259 235 72
260 148 72
260 183 14
261 46 133
261 226 14
262 99 161
262 104 416
262 162 144
263 65 81
263 196 32
263 205 65
10 1819
12 866
26 1401
46 1186
47 2390
48 1675
50 1683
58 1491
61 1166
68 992
73 1288
93 939
112 1069
114 2106
117 980
129 840
134 1171
141 1541
154 1523
166 1109
167 1347
168 1928
170 1627
177 1094
179 1
183 1824
195 697
203 1637
226 636
232 3068
233 547
239 1698
246 1702
247 926
260 1453
