181 380 133 76 6
1 36 73
1 50 62
1 165 42
2 37 107
2 123 109
2 140 37
3 5 28
3 63 54
3 83 77
4 92 170
4 124 11
5 3 28
5 7 6
5 32 71
6 29 77
6 55 148
6 164 65
7 5 6
7 176 31
8 12 20
8 42 100
8 97 257
9 13 59
9 24 148
9 69 48
9 120 73
10 14 51
11 34 81
12 8 20
12 175 24
13 9 59
13 36 31
13 71 9
13 98 287
14 10 51
14 75 24
14 106 42
15 31 37
15 156 17
16 114 319
16 154 140
16 177 39
17 34 35
18 20 21
18 143 18
19 57 37
19 63 82
19 107 64
20 18 21
20 159 106
21 85 232
21 130 82
21 151 66
22 73 56
23 32 127
23 46 34
24 9 148
24 25 12
24 73 45
24 171 196
25 24 12
25 152 31
25 180 26
26 83 46
26 98 44
26 176 18
27 102 284
28 63 72
29 6 77
29 106 68
29 147 45
30 110 86
30 117 90
30 170 104
31 15 39
31 158 117
32 7 67
32 33 9
32 48 116
33 32 9
33 46 141
33 61 37
34 11 81
34 17 35
34 56 40
34 174 122
35 134 627
36 1 73
36 13 31
36 89 62
37 2 107
38 39 20
38 72 177
38 85 76
39 38 20
39 40 228
39 49 102
40 43 234
40 112 97
40 130 14
41 49 48
42 8 100
42 158 169
43 132 14
44 52 31
44 111 40
45 53 68
45 84 40
45 120 59
46 52 10
47 61 76
48 28 34
48 80 52
49 39 102
49 41 48
49 179 20
50 50 54
50 1 62
51 88 43
51 126 21
52 81 47
52 108 411
53 45 68
54 95 58
54 146 63
55 6 148
56 34 40
56 76 25
56 90 36
57 19 37
58 59 61
58 79 77
58 82 75
59 58 61
59 76 167
59 79 67
59 86 92
60 62 118
61 33 37
61 47 76
61 77 329
62 60 118
62 127 45
62 169 5
63 3 54
63 19 82
64 44 489
64 70 20
65 77 11
66 117 161
67 64 21
68 69 63
69 9 48
69 68 63
69 71 36
70 67 14
71 13 9
71 69 36
71 181 45
72 44 45
72 70 486
73 22 56
73 24 45
74 153 69
74 157 27
75 14 24
75 76 41
75 104 75
76 56 25
76 59 167
76 75 41
77 33 262
77 61 329
77 65 11
78 153 18
79 58 77
79 59 67
80 28 84
80 65 82
81 39 176
81 72 31
82 58 75
82 100 29
82 147 94
83 3 77
83 26 46
83 167 51
84 45 40
85 21 232
85 38 76
85 110 235
85 117 66
86 59 92
86 161 70
86 181 151
87 133 8
87 160 431
87 178 15
88 51 43
88 165 41
89 89 53
89 36 62
90 56 36
91 94 15
91 143 100
92 136 205
92 149 74
93 110 29
94 91 15
94 105 191
94 138 120
95 54 58
95 112 20
96 99 5
96 102 43
96 162 203
97 8 257
97 101 217
98 13 287
98 26 44
98 145 106
98 174 14
99 96 5
99 123 36
99 144 32
100 82 29
101 97 217
101 177 526
102 27 284
102 99 44
103 181 53
104 75 75
104 164 63
104 174 163
105 94 191
106 14 42
106 29 68
106 164 81
106 166 29
107 19 64
108 35 452
108 115 199
109 81 409
110 30 86
110 85 235
110 93 29
111 23 11
111 145 23
112 40 97
112 95 20
112 139 53
113 123 25
114 16 319
115 116 29
115 137 31
116 119 14
116 137 13
117 30 90
117 66 161
117 85 66
118 92 22
118 124 146
119 122 51
119 142 18
120 9 73
120 45 59
120 180 63
121 109 234
121 116 51
122 121 10
122 168 46
123 2 109
123 99 36
123 113 25
124 127 38
124 129 10
125 135 17
125 172 115
125 179 305
126 51 21
127 62 45
127 129 38
128 109 465
128 122 222
129 4 11
129 131 38
130 21 82
130 38 230
130 40 14
131 4 43
131 144 88
132 43 14
132 130 235
133 87 8
134 149 205
135 125 17
135 146 45
136 128 611
137 91 124
138 119 18
138 142 28
139 112 53
140 2 37
141 165 53
142 35 194
143 18 18
143 94 101
144 96 32
144 131 88
145 23 15
145 98 106
145 111 23
146 54 63
146 135 45
147 29 45
147 82 94
147 148 36
148 147 36
149 16 143
149 154 15
150 160 304
151 21 66
152 25 31
153 74 69
153 78 18
154 163 55
155 156 98
156 15 17
156 155 98
157 74 27
157 159 29
158 31 117
158 42 169
158 160 432
159 20 106
159 157 29
160 87 431
160 150 304
160 158 432
160 177 273
161 86 70
162 96 203
162 173 67
163 92 24
163 118 38
164 6 65
164 104 63
164 106 81
165 1 42
165 88 41
165 141 53
166 106 29
167 83 51
168 121 47
169 62 5
170 30 104
171 24 196
172 125 115
172 179 59
173 162 67
174 34 122
174 98 14
174 104 163
175 12 24
175 177 385
176 5 36
176 26 18
177 16 39
177 101 526
177 160 273
177 175 385
178 87 15
179 49 20
179 125 305
179 172 59
180 25 26
180 120 63
181 71 45
181 86 151
181 103 53
5 2036
9 1229
43 1206
138 1405
149 781
179 1028
