128 232 79 89 12
1 19 6
1 128 187
2 18 26
2 111 92
3 13 15
3 74 128
4 13 63
5 42 118
5 75 49
6 117 13
7 17 42
7 20 16
8 116 4
9 73 30
10 105 139
10 115 95
11 13 65
12 39 70
12 121 71
13 3 15
13 4 63
14 73 53
15 84 84
15 106 145
16 84 140
16 85 43
17 18 43
17 96 43
18 17 43
18 22 76
18 96 17
19 1 6
20 7 16
20 32 120
21 112 74
22 18 76
22 24 42
22 95 32
23 110 70
24 22 42
24 23 19
25 68 50
25 88 114
25 118 49
26 35 41
27 62 15
28 31 18
28 62 15
29 52 5
30 80 61
31 7 152
31 32 17
32 20 120
32 27 21
33 118 111
34 21 128
34 109 95
35 55 29
35 114 186
36 83 10
36 99 138
37 19 186
38 26 21
39 12 70
39 43 48
40 70 32
40 122 214
41 78 43
41 81 83
42 5 118
42 50 27
43 29 28
43 39 48
44 47 81
44 93 190
45 22 23
45 23 76
46 50 60
46 83 42
47 87 9
47 100 7
48 38 28
49 46 130
50 42 27
50 46 60
50 60 119
50 98 61
51 68 50
51 115 137
52 53 8
52 72 6
53 52 8
53 57 5
53 102 155
54 53 5
55 6 10
55 38 86
56 37 79
56 90 15
57 29 8
57 43 29
58 89 53
58 105 134
59 54 33
59 118 32
60 46 163
61 105 41
62 63 11
63 28 11
64 100 158
65 80 65
65 120 79
66 56 105
66 91 104
66 104 229
67 6 36
67 55 35
68 25 50
68 51 50
69 108 66
70 40 32
70 81 92
71 85 122
72 54 8
72 59 34
73 14 53
73 123 18
74 97 142
74 107 6
75 5 49
75 101 14
76 16 15
76 122 194
77 9 91
77 89 124
77 92 20
78 41 43
78 113 91
79 106 116
79 122 14
80 113 15
80 127 110
81 41 83
81 70 92
82 114 197
83 36 10
83 46 42
83 76 191
84 15 84
85 36 154
85 71 122
86 66 105
86 91 6
87 90 120
87 100 10
88 33 52
89 58 53
89 77 124
90 86 14
90 87 120
90 91 13
90 92 162
91 56 6
91 66 104
91 90 13
92 77 20
92 123 67
93 44 190
93 47 81
94 79 114
95 2 21
96 48 12
97 124 88
97 125 65
98 49 47
98 50 61
99 114 10
99 119 84
100 34 27
100 47 7
100 64 158
101 75 14
102 53 155
102 107 233
103 125 72
104 66 229
105 10 139
105 58 134
105 61 41
106 16 78
107 30 69
107 102 233
107 108 16
108 8 216
108 126 6
109 21 26
110 44 77
110 109 37
111 20 20
111 27 157
112 24 26
112 95 76
113 69 63
113 80 15
114 82 197
114 83 140
114 99 10
115 10 95
115 51 137
116 126 217
117 45 15
118 25 49
118 59 32
119 67 47
119 117 85
120 65 79
120 127 97
121 12 71
122 40 214
122 78 241
122 79 14
123 86 83
124 57 157
124 102 6
125 97 65
125 103 72
126 11 62
126 74 15
127 94 106
127 120 97
128 37 10
128 90 84
22 1
35 1
36 1
52 1
62 1
65 1
83 1
85 1
88 1
99 1
110 1
111 1
