233 430 158 174 27
1 149 34
2 27 109
2 158 167
3 33 6
3 112 187
4 159 68
4 181 6
5 143 51
6 5 141
6 225 78
7 40 72
7 163 64
7 170 194
8 32 26
8 207 92
9 26 15
9 148 128
10 77 47
10 121 96
10 227 63
11 199 68
11 224 13
12 93 118
12 95 80
12 149 49
12 197 79
13 219 13
14 66 41
15 30 42
15 34 16
16 126 278
17 21 55
17 120 9
17 201 77
18 220 7
19 150 30
20 181 6
21 120 55
21 159 174
22 36 15
22 138 223
22 152 78
23 144 3
23 179 32
24 26 65
25 126 71
25 227 62
26 9 15
27 2 109
27 165 84
27 198 145
28 165 140
28 169 43
29 129 2
30 32 43
30 188 43
31 167 11
31 218 437
32 30 43
32 37 76
32 188 17
33 3 6
34 15 16
34 57 120
35 209 74
36 22 15
36 191 11
36 215 95
37 32 76
37 46 42
37 187 32
38 205 70
39 221 6
40 7 72
41 222 6
42 36 118
42 222 11
43 42 115
43 221 11
44 233 2
45 94 140
45 122 63
45 203 37
46 37 42
46 38 19
47 72 41
48 73 3
48 115 57
49 56 18
49 131 15
50 106 55
51 160 61
52 54 5
53 52 56
53 74 7
54 59 5
55 131 15
56 15 152
56 57 17
57 34 120
57 55 21
58 53 6
58 54 57
59 65 5
60 17 97
61 63 124
61 173 93
61 216 13
62 146 16
63 61 124
63 91 113
63 233 44
64 58 6
64 59 57
65 70 5
66 14 41
66 232 45
67 6 49
67 165 162
68 64 6
68 65 58
69 35 128
69 204 95
70 115 5
71 107 17
71 166 51
72 123 29
72 213 186
73 68 6
73 70 58
74 75 60
75 52 11
76 48 11
76 81 19
77 10 47
77 189 94
78 210 63
78 217 11
79 47 83
80 164 10
80 192 138
81 48 14
81 117 41
82 118 9
82 132 78
83 82 9
83 105 48
84 33 186
85 47 21
85 113 28
86 114 12
87 163 145
88 16 61
88 142 32
88 226 214
89 174 6
90 157 43
90 161 83
91 63 113
91 101 67
91 216 24
92 1 50
92 95 50
93 12 118
93 116 27
94 79 228
95 145 66
95 206 46
96 173 13
96 174 228
97 104 81
97 184 190
98 44 144
98 136 18
98 194 20
99 86 357
99 98 17
100 37 23
100 38 76
101 91 67
102 116 60
102 164 42
103 195 34
104 176 9
104 193 7
105 82 50
105 130 127
106 121 58
107 86 5
107 98 362
108 85 28
108 113 53
109 166 17
110 126 57
110 162 253
111 102 130
112 84 10
112 180 84
113 135 59
114 71 18
114 130 86
115 76 55
116 93 27
116 102 60
116 125 119
116 190 61
117 81 41
117 83 31
118 83 7
118 117 28
119 45 145
119 94 33
120 17 9
120 60 103
120 232 22
121 10 96
121 196 113
122 45 63
123 13 10
123 85 86
124 84 79
124 180 15
125 102 163
125 145 129
126 25 71
126 110 57
127 29 161
127 78 7
128 50 101
129 44 15
129 136 142
130 105 127
130 114 86
130 214 96
131 118 77
131 132 11
132 4 83
132 49 11
133 168 91
133 193 158
134 160 65
134 224 79
135 119 276
136 99 2
137 124 105
137 182 104
138 22 223
139 13 36
139 123 35
140 231 66
140 232 68
141 202 66
142 88 32
142 161 92
143 67 137
143 169 122
144 23 3
144 186 27
145 171 48
146 162 52
147 155 72
147 186 33
147 201 32
148 200 6
149 12 49
149 196 14
150 228 18
151 28 15
151 226 194
152 22 78
153 109 165
153 166 24
154 19 91
154 175 124
154 183 20
155 147 72
156 201 44
157 90 43
157 211 91
158 198 116
158 226 14
159 21 174
159 181 68
160 211 15
160 230 110
161 62 126
161 90 83
161 142 92
162 142 69
163 7 64
163 87 145
163 170 117
163 213 197
164 80 10
164 102 42
164 151 191
165 27 84
165 67 162
166 71 51
166 109 17
166 153 24
167 31 11
167 220 35
168 133 91
169 80 154
169 143 122
170 7 194
170 163 117
171 92 65
172 137 105
172 182 6
173 61 93
173 96 13
174 89 6
174 173 240
175 154 124
176 180 120
176 193 10
177 92 153
177 178 15
177 189 32
178 177 15
179 23 32
180 172 14
180 176 120
180 182 13
180 183 162
181 4 6
181 20 6
181 49 76
182 124 6
182 137 104
182 180 13
183 154 20
183 228 67
184 97 190
184 104 81
185 158 114
186 144 27
186 147 33
187 8 21
188 108 12
189 77 94
189 177 32
190 111 47
190 116 61
190 208 140
191 36 11
191 222 118
192 213 10
192 223 84
193 69 27
193 104 7
193 133 158
194 98 20
195 103 34
195 203 11
196 106 154
196 121 113
196 149 14
197 93 124
197 128 48
197 208 60
198 28 78
199 11 68
200 51 69
200 202 16
201 17 77
201 147 32
201 156 44
202 229 6
203 45 37
203 195 11
204 35 26
205 97 77
205 204 37
206 95 46
207 34 20
207 55 157
208 197 60
208 212 60
209 46 26
209 187 76
210 191 88
211 141 63
211 160 15
212 111 143
212 208 60
213 163 197
213 164 140
213 192 10
214 130 96
215 210 12
215 217 56
216 61 13
216 91 24
217 167 429
217 218 7
218 127 10
219 100 15
220 18 7
220 167 35
221 39 6
221 43 11
222 41 6
222 42 11
222 221 115
223 139 47
223 219 85
224 11 13
224 134 79
224 230 97
225 5 215
226 88 214
226 157 241
226 158 14
227 10 63
227 25 62
228 172 83
229 24 62
229 148 15
230 185 106
230 224 97
231 140 66
232 66 45
232 120 22
232 140 68
233 29 16
233 63 44
233 78 162
1 1243
16 721
21 1151
23 465
41 794
43 553
45 1963
56 1445
62 1186
70 592
77 1892
89 261
93 1232
96 820
99 1918
103 1300
104 2061
105 290
109 427
116 1609
126 666
135 1
143 600
169 615
196 1289
206 1091
216 1487
