830 1815 381 239 44
1 69 89
1 649 15
1 830 73
2 153 80
2 229 5
3 141 71
4 28 165
4 88 100
4 553 58
5 95 50
6 410 11
6 749 87
7 29 18
7 61 42
7 636 164
8 6 61
8 404 12
9 30 82
9 190 34
9 426 50
10 516 138
11 307 27
11 817 65
12 199 22
12 423 402
12 441 238
12 521 482
13 255 199
13 757 8
14 15 5
14 208 19
15 29 28
15 61 6
16 169 43
16 339 21
16 469 40
17 401 125
17 411 92
17 724 71
18 318 11
19 191 62
20 24 23
20 818 119
21 181 73
21 262 136
22 295 164
22 525 63
23 249 92
23 350 36
24 326 44
24 342 23
25 474 64
25 614 55
26 306 15
26 707 18
27 333 85
27 477 175
28 4 165
28 188 57
28 448 10
29 7 18
29 37 22
30 9 82
30 317 56
30 451 51
31 385 37
31 388 11
32 117 28
32 475 105
33 493 37
34 226 27
34 401 206
35 577 17
35 793 41
36 47 70
36 383 256
37 29 22
37 38 138
37 405 80
37 417 31
38 37 138
39 43 79
39 200 10
39 202 39
40 74 57
40 511 124
40 820 196
41 251 29
42 225 86
43 259 71
43 660 161
44 251 18
45 126 85
45 337 24
46 407 190
47 50 12
47 58 64
47 621 393
48 246 232
48 291 68
48 420 157
49 116 18
49 530 58
49 709 57
50 47 12
50 66 192
50 746 63
51 238 254
51 372 16
52 50 65
53 331 123
53 529 99
53 768 146
54 52 59
54 55 28
54 482 100
55 54 28
55 346 97
56 296 108
56 364 18
57 328 51
57 431 106
57 809 6
58 232 27
59 167 88
60 185 121
60 332 46
60 617 140
61 14 8
61 515 21
62 375 65
63 98 70
64 118 81
64 374 12
64 467 65
65 189 85
65 217 5
66 306 13
66 645 64
66 707 16
67 46 95
67 804 113
68 46 48
68 193 77
68 476 46
69 1 89
69 186 106
70 323 5
70 775 77
71 442 8
71 443 69
71 672 115
72 146 359
72 216 12
72 237 63
73 146 76
73 382 46
74 40 57
75 212 112
75 246 191
75 799 71
76 36 65
76 73 110
77 125 24
77 486 105
78 79 7
78 260 59
79 256 28
79 798 65
80 298 74
80 828 183
81 298 171
81 740 87
82 276 272
82 293 46
83 158 49
83 706 27
84 99 25
84 171 290
84 790 65
85 87 64
85 163 78
85 304 63
86 296 104
86 758 83
87 85 64
87 88 44
87 733 81
88 4 100
88 87 44
88 89 112
89 88 112
89 106 73
89 347 75
90 225 14
91 355 88
91 377 69
91 380 132
92 431 57
92 546 29
92 548 24
93 83 21
93 478 75
93 706 9
94 432 37
95 5 50
95 434 34
95 507 34
96 437 191
96 763 93
97 144 181
97 147 75
97 316 53
98 18 91
98 103 33
99 84 25
99 697 216
100 104 12
100 357 63
101 600 37
101 770 136
102 719 61
102 778 46
103 98 33
103 649 215
104 62 345
104 100 12
104 406 63
105 420 28
105 602 45
106 89 73
106 316 90
106 738 12
106 739 10
107 565 8
107 691 211
108 170 214
108 550 13
108 749 71
109 241 118
109 410 96
109 749 21
109 751 17
110 111 138
110 116 79
110 299 184
111 110 138
111 299 78
112 121 141
112 556 59
112 714 10
113 65 563
113 514 46
114 214 44
114 717 159
115 197 73
116 49 18
116 107 72
116 110 79
117 206 149
117 359 66
118 238 16
118 372 257
119 295 24
119 305 29
120 243 15
120 280 344
121 336 43
121 715 10
122 243 301
123 497 149
123 744 13
124 125 6
124 516 154
124 705 107
125 77 24
125 124 6
125 673 163
126 131 107
126 166 8
127 124 163
127 673 4
128 274 93
128 369 39
129 127 77
129 422 6
130 166 54
130 248 50
130 652 236
131 151 106
131 807 5
132 129 13
132 314 24
133 135 17
133 149 65
134 70 193
134 132 7
135 134 16
136 25 19
136 618 17
137 138 25
137 606 16
138 137 25
138 372 84
138 464 68
138 583 199
139 482 104
139 639 32
140 143 24
140 472 17
141 13 63
142 775 61
143 151 38
143 472 23
144 349 72
145 207 68
145 209 88
145 632 110
145 683 56
146 73 76
146 306 26
147 97 75
147 554 129
147 693 71
148 235 92
149 133 65
150 543 26
151 143 38
151 172 105
151 807 104
152 279 80
152 425 94
152 718 58
153 452 17
154 162 28
154 192 244
155 156 37
155 301 37
156 155 37
156 159 26
156 214 75
156 620 17
157 428 54
157 430 100
157 680 99
157 748 84
158 83 49
158 309 118
158 478 61
159 156 26
159 620 26
159 621 83
160 303 29
161 540 6
162 160 8
162 526 38
163 85 78
164 150 33
164 541 10
165 342 95
165 651 75
166 126 8
166 130 54
166 337 97
167 59 88
167 334 57
167 820 36
168 364 13
169 16 43
169 233 57
169 377 119
170 557 14
170 762 72
171 131 10
171 166 114
171 807 9
172 171 12
172 485 202
173 174 52
173 816 30
174 173 52
174 527 36
175 320 175
175 546 36
175 805 71
176 675 30
177 560 41
177 720 60
178 180 35
178 548 62
178 795 62
179 352 8
179 400 77
179 796 21
180 178 35
180 403 19
180 558 60
180 595 61
181 177 60
181 720 5
182 505 50
183 367 64
183 460 41
183 507 28
184 80 122
184 616 235
185 60 121
185 215 160
185 510 241
186 69 106
186 666 129
187 405 57
187 600 128
188 28 57
188 545 48
189 65 85
189 292 70
189 427 327
190 9 34
190 427 61
190 672 138
191 566 34
191 625 86
192 312 167
193 68 77
193 641 94
194 508 26
195 165 65
195 309 116
196 234 70
196 619 46
197 269 61
198 105 473
198 223 80
198 655 219
199 12 22
199 516 241
199 772 330
200 39 10
200 268 49
201 3 9
201 395 69
202 379 77
203 488 13
203 596 76
204 223 450
205 561 26
205 725 91
206 361 135
207 145 68
207 687 90
208 15 22
208 752 60
209 145 88
209 392 92
210 369 38
210 523 10
211 212 13
211 635 181
212 75 112
212 217 18
213 211 9
213 801 59
214 114 44
214 156 75
215 185 160
215 213 5
216 72 12
216 288 61
217 65 5
217 215 25
218 253 24
218 771 79
218 822 5
219 220 9
220 219 9
220 221 6
221 220 6
221 222 5
221 224 143
222 221 5
223 198 80
223 414 184
224 638 66
224 642 26
225 42 86
225 90 14
225 603 10
226 481 49
227 192 526
227 303 264
228 370 67
228 538 68
229 2 5
229 231 76
229 721 80
230 358 58
230 520 154
231 234 40
231 286 6
232 55 36
232 787 292
233 169 57
233 377 107
233 380 66
234 653 147
234 781 6
235 148 92
235 209 105
235 632 89
236 245 58
236 326 131
236 368 196
236 818 58
237 104 62
237 357 12
237 375 361
238 120 13
239 465 53
239 687 91
239 786 104
240 247 108
240 503 92
240 628 81
241 109 118
241 410 79
241 544 74
242 558 41
242 766 35
243 118 13
243 374 81
244 824 83
245 236 58
245 294 47
246 48 232
246 113 309
247 240 108
247 465 88
247 687 55
248 130 50
248 522 243
249 289 199
250 576 250
250 659 96
250 819 13
251 41 29
251 44 18
251 325 30
252 424 107
252 730 55
252 774 159
253 218 24
253 254 7
253 261 55
254 253 7
254 661 112
255 117 103
255 258 94
255 475 10
256 257 7
256 262 37
257 78 28
257 785 73
258 255 94
258 263 88
259 43 71
259 555 52
260 79 57
260 585 83
261 535 32
262 21 136
262 257 36
263 258 88
264 254 57
264 261 9
265 605 136
265 829 82
266 640 28
266 797 5
267 627 10
268 39 54
269 63 82
269 716 36
270 272 9
270 823 30
271 108 30
271 378 14
272 267 46
272 270 9
272 492 51
273 275 7
273 537 64
274 128 93
274 311 52
274 476 56
275 273 7
275 320 29
275 751 82
276 293 222
276 512 14
277 194 147
277 508 140
278 106 87
278 586 19
279 152 80
279 331 101
279 510 62
280 284 28
280 623 31
281 688 199
282 494 140
283 550 156
284 122 26
284 571 83
285 72 62
285 288 12
286 2 76
286 231 6
287 136 22
287 351 54
288 285 12
288 698 114
289 31 174
289 747 87
290 282 64
290 513 139
291 48 68
291 491 60
291 655 58
292 189 70
292 748 70
293 276 222
293 755 61
294 245 47
294 615 109
295 119 24
295 305 26
295 509 28
296 56 108
296 86 104
296 544 29
297 552 50
297 622 34
298 80 74
298 81 171
298 633 47
299 110 184
299 111 78
299 556 94
300 320 49
300 729 72
300 795 35
301 155 37
301 408 124
301 787 17
302 407 109
302 794 46
303 154 9
303 723 106
304 85 63
304 529 18
305 119 29
306 66 13
306 76 54
306 146 26
307 11 27
307 335 67
307 538 197
308 19 70
309 158 118
309 470 63
310 692 63
310 694 57
311 274 52
312 226 258
312 281 377
313 438 65
313 651 187
313 728 72
314 129 29
314 442 44
315 290 66
315 517 137
316 97 53
316 106 90
316 553 127
317 30 56
317 449 51
317 554 96
317 672 46
318 395 19
318 421 18
319 205 110
320 175 175
320 275 29
320 300 49
321 590 84
321 596 159
321 783 65
322 23 45
322 659 168
323 70 5
323 132 196
324 560 55
324 792 152
325 251 30
325 631 42
326 24 44
326 821 13
327 632 35
328 57 51
328 458 71
328 806 13
329 612 67
330 436 42
331 53 123
331 279 101
332 622 45
333 27 85
333 742 175
334 167 57
335 307 67
335 461 66
336 466 10
337 803 119
338 463 94
338 700 342
338 763 496
339 16 21
339 469 31
339 763 473
340 547 183
341 343 48
341 685 47
342 165 95
342 470 25
343 685 7
343 688 16
344 582 26
344 697 89
345 196 39
345 231 70
346 55 97
346 408 168
346 482 165
347 89 75
347 733 156
348 773 24
348 780 9
349 161 8
349 779 110
350 315 66
350 592 140
351 287 54
351 742 98
352 179 8
352 498 479
353 724 73
354 813 40
355 91 88
355 358 52
355 810 67
356 393 125
356 500 49
357 216 63
357 237 12
358 230 58
358 355 52
358 368 219
359 528 20
359 634 31
360 826 48
361 22 73
362 45 157
362 360 77
363 245 129
363 527 50
363 821 44
364 56 18
364 168 13
364 365 20
365 364 20
365 805 112
366 459 13
366 809 27
366 813 44
367 183 64
367 507 88
367 679 48
368 380 55
368 493 58
369 128 39
369 523 35
370 488 143
371 51 29
372 51 16
372 138 84
372 389 66
373 448 14
374 62 64
374 64 12
374 406 330
375 26 56
376 279 32
376 756 75
377 91 69
377 169 119
377 233 107
378 200 39
378 202 11
379 259 27
379 555 32
380 91 132
380 233 66
380 818 195
381 408 257
381 629 68
381 752 218
382 73 46
382 285 234
382 383 95
383 382 95
383 384 126
384 383 126
384 701 18
385 34 77
386 385 24
386 388 36
387 371 47
387 389 14
388 184 58
388 828 12
389 138 115
389 699 24
390 561 116
391 500 14
391 593 48
392 148 101
392 209 92
392 393 28
393 356 125
393 392 28
393 394 276
393 503 26
394 393 275
394 593 129
395 18 19
395 201 69
395 398 6
396 759 74
396 793 42
397 674 411
397 706 244
397 723 26
398 18 18
398 103 92
399 624 155
400 179 77
400 669 8
400 750 31
401 534 30
402 454 8
402 480 28
403 180 19
403 611 65
404 8 12
404 542 87
404 758 40
405 435 55
406 122 80
406 571 13
407 302 109
407 599 47
407 759 81
408 301 124
408 346 168
408 381 257
409 539 119
409 713 17
410 6 11
410 241 79
410 404 61
411 17 92
411 536 9
412 776 8
413 353 117
413 536 74
414 223 184
414 416 24
415 495 43
415 788 42
416 412 28
416 498 84
417 37 31
417 600 18
417 731 37
418 572 81
419 519 61
419 646 36
419 647 155
420 48 157
420 799 29
421 3 78
421 395 5
422 133 17
422 134 19
423 12 402
423 424 179
423 501 70
424 423 179
424 765 86
425 152 94
425 448 99
425 450 116
425 489 52
426 9 50
426 451 83
426 490 61
427 189 327
427 190 61
427 430 46
428 157 54
429 90 57
429 560 171
429 789 20
430 157 100
430 427 46
430 648 107
431 92 57
431 611 21
432 329 56
432 403 94
433 249 43
433 322 90
434 95 34
434 727 56
434 756 21
435 176 39
435 436 33
436 330 42
436 435 33
436 551 126
436 617 70
437 96 191
437 609 85
438 313 65
438 445 96
438 572 81
439 518 125
439 532 126
440 648 31
440 680 57
441 12 238
441 705 163
442 71 8
442 314 44
442 446 53
443 442 70
443 648 123
444 67 156
444 804 43
445 658 91
446 71 50
446 502 165
447 554 69
447 672 137
447 693 79
448 28 10
448 373 14
448 425 99
449 317 51
449 450 61
449 451 55
450 425 116
450 449 61
450 671 105
450 704 55
451 30 51
451 426 83
451 449 55
451 704 61
452 222 149
452 224 9
452 702 37
453 457 24
453 791 17
454 340 25
454 402 8
454 456 29
455 402 13
455 454 13
456 402 30
457 99 52
458 328 71
458 354 63
459 366 13
460 183 41
460 675 70
460 679 64
461 814 63
462 464 64
462 467 63
463 338 94
463 678 388
464 138 68
464 462 64
464 626 204
465 239 53
465 247 88
465 628 107
466 336 10
466 715 40
467 64 65
467 462 63
467 645 202
468 506 43
468 615 8
469 339 31
469 478 208
470 20 20
470 309 63
471 651 72
471 728 183
471 821 187
472 140 17
472 310 19
473 307 76
474 614 65
474 624 122
475 255 10
475 757 198
476 68 46
476 274 56
477 480 66
477 742 89
478 93 75
478 158 61
478 469 208
479 332 128
480 455 18
480 477 66
481 808 27
482 54 100
482 139 104
482 346 165
483 256 65
483 792 99
483 798 26
484 643 5
485 624 181
485 790 32
486 77 105
487 162 259
488 203 13
489 425 52
489 490 183
489 704 124
490 426 61
490 489 183
490 704 85
491 291 60
491 514 514
491 655 49
492 272 51
492 415 48
492 495 49
493 33 37
493 230 216
493 245 197
494 513 63
494 559 6
495 492 49
495 630 45
496 605 29
496 613 97
496 732 98
497 520 7
497 736 62
498 352 479
498 623 101
498 700 24
499 484 73
499 639 66
500 356 49
500 391 14
501 423 70
501 512 76
501 764 117
502 446 165
502 607 10
502 693 49
503 207 166
503 240 92
503 393 26
504 520 63
504 736 7
505 182 50
505 754 51
506 522 197
506 570 65
507 95 34
507 183 28
507 367 88
508 376 22
509 305 26
509 681 53
510 185 241
510 279 62
510 756 46
511 40 124
511 494 65
511 724 68
512 276 14
512 501 76
512 521 224
512 764 40
513 517 65
513 574 6
514 113 46
514 491 514
514 664 33
515 14 20
515 629 139
516 10 138
516 125 154
516 199 241
517 575 5
517 592 53
518 123 7
518 524 230
519 419 61
519 702 65
520 230 154
520 497 7
520 744 155
521 12 482
521 512 224
521 664 52
522 84 65
522 506 197
523 604 151
524 22 54
525 45 115
526 572 561
526 665 6
526 710 63
527 174 34
527 294 127
527 363 50
528 584 8
528 634 17
529 53 96
529 304 18
530 49 58
530 107 29
530 730 14
531 582 142
531 608 104
531 631 330
531 824 55
532 437 179
532 439 126
532 562 58
533 587 254
533 589 10
534 319 23
534 411 73
535 267 11
535 270 38
536 411 9
536 413 74
536 725 7
537 264 12
538 137 190
538 228 68
538 583 25
539 21 71
539 181 18
540 164 10
540 541 5
541 349 6
541 540 5
541 543 56
542 8 91
542 762 30
543 541 56
543 739 192
544 241 74
544 296 29
544 758 66
545 188 48
545 718 51
546 92 29
546 175 36
546 800 76
547 362 40
547 692 112
548 92 24
548 178 62
548 795 117
549 94 38
550 108 13
550 378 22
551 297 151
552 635 85
552 801 133
553 4 58
553 316 127
554 447 69
554 671 56
555 273 69
556 112 59
556 299 94
557 170 14
557 283 57
558 94 81
558 595 64
559 494 6
559 511 61
560 177 41
560 324 55
560 429 171
561 205 26
561 390 116
562 532 58
562 601 79
563 662 124
564 343 8
564 682 319
565 107 8
565 730 20
566 191 34
566 483 211
566 690 28
567 587 7
567 589 262
567 603 283
568 139 27
568 473 208
569 414 27
569 416 8
570 84 213
570 615 109
570 816 19
571 100 62
571 406 13
572 418 81
572 438 81
572 526 561
573 504 147
573 652 8
574 513 6
574 559 64
575 517 5
575 574 65
576 433 71
576 688 15
577 35 17
577 578 146
578 35 162
578 582 89
579 580 71
579 585 76
580 579 71
580 588 82
580 783 66
581 662 113
582 344 26
582 531 142
582 578 89
583 11 198
583 538 25
583 626 68
584 689 2
585 260 83
585 579 76
586 278 19
587 186 284
587 567 7
587 735 72
588 78 79
588 580 82
588 785 27
589 566 104
589 625 41
590 321 84
590 588 133
591 676 210
591 678 16
592 575 53
592 659 60
593 391 48
593 394 129
594 387 24
594 590 107
595 729 42
595 795 55
596 321 159
596 594 74
596 598 11
597 782 11
598 488 79
598 596 11
599 407 47
600 101 37
600 187 128
600 417 18
601 562 79
601 667 71
601 708 313
602 105 45
602 204 178
602 799 55
603 225 10
603 567 283
603 789 56
604 597 18
605 204 75
605 265 136
605 496 29
606 598 93
606 699 89
607 348 113
607 502 10
608 531 104
608 564 45
608 726 116
608 769 335
609 437 85
609 562 203
609 708 140
610 533 44
610 663 47
611 403 65
611 431 21
611 612 21
612 459 117
612 611 21
613 75 136
613 496 97
614 140 22
614 310 40
615 294 109
615 468 8
615 573 199
616 487 246
617 60 140
617 436 70
617 679 63
618 136 17
618 287 22
619 771 221
620 58 334
620 156 17
621 47 393
621 159 83
621 695 32
622 297 34
622 479 89
623 280 31
623 591 182
623 684 15
624 399 155
624 474 122
624 485 181
625 610 9
626 583 68
626 637 63
626 817 195
627 275 68
627 537 9
628 240 81
628 465 107
628 819 98
629 381 68
629 515 139
629 630 50
630 629 50
630 823 31
631 769 105
632 235 89
632 327 35
633 298 47
633 745 476
634 667 30
635 613 29
636 7 164
636 329 158
636 753 146
637 462 203
637 626 63
637 645 63
638 568 39
639 638 25
639 642 73
640 797 28
640 827 46
641 193 94
641 266 26
642 153 8
642 643 40
643 229 37
643 484 5
644 647 97
644 656 21
645 66 64
645 637 63
645 746 191
646 419 36
647 419 155
647 644 97
648 430 107
648 440 31
648 443 123
649 1 15
649 103 215
649 757 96
650 253 112
650 661 9
651 165 75
651 313 187
651 658 65
652 130 236
652 468 199
652 573 8
653 650 24
654 653 7
654 781 143
655 198 219
655 291 58
655 491 49
656 654 7
657 644 25
657 656 7
658 195 78
659 250 96
659 322 168
659 592 60
660 657 7
661 660 17
662 210 6
662 581 113
662 686 340
663 115 51
664 514 33
664 521 52
664 703 196
665 160 38
665 526 6
666 32 43
666 528 15
667 584 40
667 601 71
668 96 166
668 439 35
669 400 8
669 717 87
670 527 269
670 824 61
671 449 65
671 450 105
671 554 56
672 71 115
672 190 138
672 317 46
673 127 4
673 422 75
674 227 90
674 397 411
675 194 178
675 460 70
676 409 151
676 743 15
677 369 305
677 686 11
678 463 388
678 591 16
678 684 182
679 367 48
679 460 64
679 617 63
680 157 99
680 441 164
680 705 7
681 737 46
682 677 8
682 769 40
683 341 271
683 682 10
684 623 15
684 700 91
685 576 14
685 786 93
686 145 55
686 683 8
687 207 90
687 239 91
687 247 55
688 564 13
688 608 45
689 567 412
689 666 15
690 42 244
690 566 28
691 112 29
691 556 50
692 547 112
692 694 68
693 147 71
693 447 79
693 502 49
694 25 37
694 618 20
695 384 23
695 621 32
695 701 8
696 695 29
696 796 132
697 173 30
697 344 89
697 816 8
698 695 6
698 696 27
699 594 14
699 598 66
700 338 342
700 412 82
700 498 24
701 285 107
701 698 8
702 452 37
702 519 65
703 664 196
704 450 55
704 451 61
704 489 124
704 490 85
705 124 107
705 440 55
705 680 7
706 93 9
706 397 244
707 64 182
708 601 313
708 609 140
708 789 166
709 49 57
709 719 66
709 812 17
710 722 12
711 712 8
711 735 63
712 711 8
712 830 92
713 743 153
714 112 10
714 565 241
715 121 10
715 714 142
716 712 99
717 669 87
717 752 141
718 545 51
719 102 61
719 709 66
719 765 205
720 539 18
720 713 117
721 345 47
721 499 82
722 81 86
722 740 9
723 154 102
723 397 26
724 17 71
724 353 73
724 511 68
725 205 91
725 319 63
725 536 7
726 608 116
726 670 104
726 728 99
727 434 56
728 313 72
728 471 183
728 726 99
729 300 72
729 492 14
730 252 55
730 530 14
731 101 18
731 417 37
731 825 276
732 265 172
732 552 165
733 87 81
733 347 156
734 665 62
734 710 8
735 69 224
735 587 72
735 711 63
736 504 7
736 652 147
736 803 193
737 361 141
738 144 176
738 739 6
739 106 10
739 543 192
739 741 5
740 767 15
741 106 11
741 278 80
742 333 175
742 351 98
742 477 89
742 827 120
743 676 15
743 678 207
743 802 7
744 518 10
744 668 90
744 763 239
745 633 476
745 812 375
746 50 63
746 784 63
747 23 198
747 282 37
748 157 84
748 292 70
749 108 71
749 109 21
750 825 5
750 829 8
751 109 17
751 815 25
752 208 60
752 717 141
753 176 188
753 636 146
753 754 28
754 505 51
754 753 28
754 760 24
755 734 21
756 376 75
756 434 21
756 510 46
757 13 8
757 649 96
758 86 83
758 404 40
758 544 66
759 325 47
759 407 81
760 277 23
760 754 24
760 761 44
761 760 44
761 768 16
762 170 72
762 542 30
763 96 93
763 338 496
763 339 473
763 744 239
764 501 117
764 512 40
764 765 61
765 424 86
765 530 128
765 719 205
766 549 37
767 102 48
767 778 9
768 53 146
768 331 143
768 761 16
769 128 304
769 677 37
770 187 54
770 551 32
771 218 79
772 199 330
772 774 35
773 323 78
773 775 6
774 252 159
774 772 35
775 142 61
775 773 6
775 780 29
776 569 29
776 674 537
777 82 17
777 755 7
778 777 9
779 348 8
779 607 121
780 142 264
780 161 114
780 779 9
781 234 6
781 286 40
782 210 148
782 563 21
782 604 20
783 321 65
783 580 66
784 637 193
784 746 63
784 817 63
785 387 238
785 588 27
786 239 104
786 819 156
787 155 37
787 301 17
788 242 7
788 629 118
789 429 20
789 708 166
790 453 7
791 396 97
791 457 19
791 794 120
792 483 99
793 396 42
793 577 35
794 302 46
794 444 88
794 791 120
795 178 62
795 300 35
795 595 55
796 352 21
796 696 132
797 266 5
797 641 27
797 811 38
798 308 78
798 483 26
799 75 71
799 420 29
799 602 55
800 805 32
800 806 27
801 213 59
801 479 55
802 463 334
802 743 7
803 123 201
803 524 75
803 736 193
804 302 84
805 175 71
805 365 112
805 800 32
806 92 82
806 328 13
806 800 27
807 151 104
807 171 9
807 172 7
808 386 116
808 616 183
809 57 6
809 366 27
810 355 67
811 811 218
811 797 38
812 116 65
812 709 17
812 745 375
813 354 40
813 809 42
814 228 68
815 271 63
815 379 12
816 570 19
816 697 8
817 11 65
817 784 63
818 20 119
818 236 58
818 380 195
819 250 13
819 628 98
820 40 196
820 167 36
821 326 13
821 363 44
821 471 187
822 218 5
823 272 29
823 630 31
824 244 83
824 531 55
824 670 61
825 669 31
825 731 276
825 750 5
826 119 56
826 525 167
827 640 46
827 742 120
828 31 12
828 281 291
829 265 82
829 825 7
830 1 73
830 712 92
8 1
28 1
53 1
63 1
83 1
86 1
121 1
132 1
150 1
174 1
179 1
181 1
191 1
197 1
207 1
292 1
301 1
305 1
316 1
349 1
367 1
389 1
416 1
433 1
434 1
460 1
473 1
496 1
505 1
513 1
532 1
536 1
554 1
575 1
637 1
643 1
664 1
676 1
708 1
744 1
775 1
782 1
789 1
827 1
