410 799 365 261 12
1 389 61
1 397 65
2 336 188
2 353 71
3 120 135
4 189 69
4 263 49
5 216 45
5 289 45
6 292 4
7 95 270
7 161 63
7 171 22
7 246 144
8 166 115
9 75 131
9 212 57
9 332 213
10 12 109
10 98 83
10 312 18
11 98 18
11 312 84
12 10 109
12 98 173
12 152 213
13 200 52
13 377 94
14 114 15
14 307 41
15 133 104
15 407 66
16 59 100
16 271 11
17 119 16
17 157 120
17 353 64
18 103 61
18 234 102
18 278 94
19 48 45
19 51 6
20 393 142
21 348 22
22 45 50
22 267 15
22 345 165
23 129 64
23 344 11
24 272 188
25 106 18
25 273 264
26 319 15
27 192 84
27 340 55
28 58 281
28 356 6
29 118 51
29 341 39
30 135 56
30 182 167
30 272 37
31 32 16
31 303 239
32 35 5
33 279 8
33 393 321
34 31 10
35 37 19
35 127 62
36 34 15
36 176 29
37 39 14
38 36 18
39 38 18
39 239 182
40 46 45
40 220 53
41 44 90
41 286 60
41 287 41
42 172 14
42 252 14
43 214 41
44 280 28
45 69 13
45 334 103
46 134 12
46 282 16
47 111 11
47 176 18
48 51 45
48 120 16
49 50 5
49 147 22
50 318 4
51 52 6
51 346 141
52 19 6
52 337 4
53 268 58
54 55 145
54 138 150
54 268 57
55 54 145
55 56 55
55 259 115
56 55 55
56 296 32
57 180 130
57 370 16
58 107 26
58 347 28
59 24 15
59 57 124
60 62 64
60 94 4
60 384 207
61 145 402
62 60 64
62 63 4
62 150 227
63 62 4
63 257 46
64 218 11
64 374 11
65 67 11
65 334 15
66 68 22
66 372 355
67 69 108
68 44 108
68 286 70
69 267 31
70 308 118
70 388 95
71 342 45
72 73 336
72 371 21
73 343 62
73 356 186
74 28 118
74 361 6
75 9 131
75 80 15
76 164 13
77 254 77
77 407 110
77 408 19
78 81 13
78 207 9
79 92 82
79 162 68
80 81 9
80 206 57
81 76 13
81 400 192
82 254 121
82 385 107
82 408 31
83 85 11
84 50 20
85 33 122
85 83 11
86 269 12
86 293 140
87 203 57
88 167 68
88 168 51
88 289 43
88 338 146
89 92 78
90 244 38
90 251 21
91 86 74
91 229 11
92 79 82
92 89 75
93 237 159
93 386 63
94 60 4
94 212 51
95 7 270
95 398 16
96 95 34
96 382 49
97 96 17
98 11 18
98 12 173
99 288 76
100 142 107
100 349 22
101 132 80
101 223 53
102 177 97
102 340 80
103 18 61
103 171 60
104 4 19
105 339 13
105 410 80
106 136 198
106 225 21
107 40 138
108 255 63
108 286 104
109 130 94
109 160 48
109 287 59
110 250 105
110 269 39
111 34 29
111 303 251
112 168 144
112 200 59
112 223 7
113 101 57
114 14 15
115 102 64
115 324 79
116 140 183
117 5 134
117 284 28
118 29 51
118 194 41
119 17 16
119 347 93
119 354 114
120 48 16
120 228 16
121 256 46
121 390 49
122 242 3
123 249 128
123 388 67
124 38 170
124 239 21
125 47 61
125 331 16
126 317 10
126 373 87
127 281 18
128 249 15
128 283 17
129 23 64
130 229 49
131 3 67
131 199 56
132 101 80
132 175 41
132 244 7
133 15 104
133 385 22
133 408 58
134 220 37
134 249 26
135 30 56
135 184 129
135 370 123
136 156 323
136 184 13
137 222 44
137 278 15
138 258 19
139 143 8
140 141 7
141 138 60
142 144 56
142 381 8
143 142 22
143 349 105
144 358 4
144 381 56
145 72 51
146 230 81
146 253 14
147 241 74
148 93 59
148 197 80
148 219 31
149 163 125
149 359 92
150 384 68
150 396 11
151 152 9
151 312 86
151 406 97
152 10 85
152 12 213
152 151 9
153 124 85
153 176 158
153 325 21
154 158 75
154 385 52
155 150 34
155 396 34
156 139 53
157 17 120
157 274 143
158 154 75
159 190 57
159 193 39
159 255 30
160 109 48
160 229 86
160 255 91
161 7 63
161 197 80
161 237 58
162 235 82
162 276 24
163 170 58
164 78 13
164 210 202
165 166 40
166 165 40
166 294 47
166 359 205
167 149 175
167 163 137
168 88 51
168 112 144
168 315 53
169 225 197
170 216 31
170 294 9
171 7 22
171 103 60
171 248 145
172 72 20
172 252 14
173 350 13
174 87 6
174 367 53
175 201 17
176 153 158
176 331 71
177 102 97
177 175 63
177 251 54
178 177 105
178 181 109
179 180 16
179 370 130
180 156 180
181 104 46
181 202 86
182 30 167
182 184 92
183 178 45
183 262 91
184 135 129
184 179 124
185 183 47
186 185 48
187 186 44
188 208 107
189 309 48
190 159 57
190 244 64
190 308 44
191 216 128
191 290 41
192 227 57
192 291 62
193 90 25
193 159 39
193 251 12
194 118 41
195 196 56
196 208 106
197 148 80
197 161 80
198 187 47
198 195 128
199 238 197
199 310 128
200 112 59
200 351 77
201 113 78
201 115 78
202 189 48
202 224 54
203 196 135
203 198 54
204 357 205
205 188 53
205 352 97
206 400 139
207 75 17
207 80 12
208 256 54
209 207 68
210 153 53
211 253 76
212 9 57
212 94 51
212 209 181
213 16 26
214 61 10
214 375 9
215 79 72
215 162 15
216 5 45
216 170 31
217 299 207
217 369 97
217 392 14
218 247 63
218 380 12
219 64 285
219 148 31
220 19 140
221 358 104
221 383 48
222 137 44
222 383 5
223 101 53
223 112 7
223 338 50
224 341 54
225 235 19
225 276 87
226 321 3
227 324 14
228 120 16
228 347 106
228 354 70
229 91 11
229 160 86
229 193 120
230 146 81
231 232 90
231 248 78
232 103 163
232 231 90
232 233 64
233 232 64
233 234 23
234 233 23
234 236 62
235 25 21
235 311 646
236 234 62
236 278 73
237 93 159
237 161 58
237 405 148
238 3 188
238 336 13
239 215 40
240 97 16
240 243 39
241 65 33
241 67 38
242 113 50
242 319 54
243 76 174
243 245 86
244 90 38
244 132 7
245 320 58
245 327 92
246 7 144
246 197 210
246 247 17
246 248 19
247 246 17
247 380 69
248 231 78
248 246 19
249 66 28
249 172 31
249 283 14
250 109 80
251 91 123
251 177 54
251 193 12
252 219 142
253 21 153
253 146 14
253 211 76
254 77 77
254 82 121
254 366 121
254 373 18
255 108 63
255 159 30
255 160 91
256 71 40
256 205 109
257 63 46
257 355 234
258 259 9
258 310 220
259 55 115
259 261 58
260 304 44
261 56 116
262 104 23
263 309 72
264 387 133
265 363 103
265 368 13
266 382 96
267 295 64
267 335 10
268 53 58
268 54 57
268 141 173
269 86 12
269 130 24
270 213 9
271 270 27
272 30 37
272 106 248
272 273 10
273 271 304
273 272 10
274 157 143
274 298 61
274 304 66
275 368 82
276 306 55
277 169 323
278 18 94
278 137 15
278 236 73
279 33 8
279 83 121
280 250 102
280 372 202
281 37 56
281 127 18
282 128 8
282 134 5
283 72 12
283 172 20
284 191 14
284 226 54
285 226 50
285 227 63
286 41 60
286 68 70
286 108 104
286 388 105
287 41 41
287 108 107
287 109 59
288 210 8
288 404 133
289 5 45
289 26 141
289 88 43
290 8 50
291 8 56
291 285 57
292 265 57
293 87 50
293 367 11
294 166 47
294 170 9
294 290 123
295 173 17
295 350 10
296 333 20
296 360 16
297 125 213
297 391 15
298 274 61
298 336 81
299 217 207
299 369 218
300 279 321
300 393 8
301 337 167
301 351 68
302 202 47
303 204 157
304 260 44
304 274 66
304 353 61
305 317 88
305 373 12
305 406 140
306 124 32
306 325 86
307 116 67
307 238 38
308 13 55
308 70 118
308 190 44
309 263 72
309 352 54
310 313 56
311 300 112
311 365 9
312 10 18
312 11 84
312 151 86
313 314 11
314 261 218
314 313 11
314 315 8
315 168 53
315 301 141
315 314 8
316 275 16
316 363 17
317 25 641
317 311 20
318 49 5
319 117 28
320 322 54
320 328 102
321 122 50
322 323 56
322 329 107
323 99 59
323 330 108
324 340 67
325 153 21
325 155 19
325 355 9
326 6 53
327 245 92
327 328 57
327 401 55
328 320 102
328 327 57
328 329 59
328 390 175
329 322 107
329 328 59
329 330 54
330 323 108
330 329 54
330 402 58
331 125 16
331 391 219
331 404 88
332 9 213
332 222 143
333 84 101
334 315 378
334 360 13
335 22 10
336 114 81
336 238 13
336 298 81
337 52 4
337 123 67
338 26 42
339 1 43
339 265 38
340 27 55
340 102 80
340 302 59
341 27 51
341 29 39
342 121 29
342 297 60
343 73 62
343 356 229
344 42 79
345 165 27
346 131 39
346 314 164
347 107 33
347 119 93
347 228 106
348 100 11
348 392 97
349 21 13
349 146 153
350 295 10
350 335 57
351 200 77
351 377 64
352 224 98
352 309 54
353 2 71
353 17 64
353 304 61
354 2 63
354 119 114
355 325 9
356 28 6
356 343 229
356 361 120
357 342 62
358 144 4
358 221 104
359 45 29
359 149 92
360 65 13
360 333 8
361 74 6
361 362 43
362 361 43
363 316 17
364 240 7
365 126 20
366 254 121
366 406 283
366 407 68
367 110 101
367 293 11
368 105 37
368 378 115
369 217 97
369 299 218
369 410 144
370 24 117
370 57 16
370 135 123
371 128 5
371 282 9
372 399 30
373 254 18
373 305 12
374 218 2
374 376 7
375 61 12
375 374 10
376 375 9
376 379 10
377 70 53
378 43 42
378 214 11
379 378 9
380 105 128
380 376 9
380 379 17
381 139 21
381 277 54
382 96 49
382 206 212
382 266 96
383 221 48
383 222 5
384 209 60
385 82 107
385 133 22
385 154 52
386 23 47
387 326 9
387 395 9
388 70 95
388 286 105
389 264 145
389 397 9
390 401 206
391 121 63
391 297 15
391 403 195
392 100 106
392 217 14
393 20 142
393 300 8
393 365 105
394 174 61
394 364 52
395 6 67
395 387 9
395 397 9
396 78 199
396 150 11
397 389 9
397 395 9
398 399 17
398 409 30
399 394 12
400 97 21
401 327 55
401 364 143
402 99 113
402 330 58
402 403 29
403 402 29
403 404 23
404 288 133
404 331 88
404 403 23
405 386 151
406 151 97
406 305 140
406 366 283
407 15 66
407 77 110
407 366 68
408 77 19
408 82 31
408 133 58
409 344 276
409 405 74
410 339 73
410 369 144
1 1
17 1
54 1
60 1
74 1
99 1
132 1
147 1
177 1
226 1
282 1
377 1
