77 136 68 69 11
1 42 126
2 4 14
2 5 225
3 25 11
4 2 14
4 65 316
5 6 14
5 45 348
5 48 201
6 4 223
6 5 14
6 44 306
7 68 347
8 20 198
9 75 127
10 57 82
11 12 14
11 33 356
12 11 14
12 59 538
13 16 9
13 17 271
13 63 359
14 28 176
14 50 182
15 16 18
15 38 188
16 8 497
16 13 9
16 18 17
17 13 271
17 30 462
17 59 452
18 15 14
18 47 10
19 27 14
19 69 91
20 1 83
20 42 204
21 30 156
21 51 18
22 52 100
23 18 286
24 9 329
24 26 188
25 3 11
25 58 315
25 72 138
26 9 144
26 43 378
27 6 200
27 48 13
28 29 182
28 70 20
29 28 182
29 30 172
29 50 175
30 17 462
30 21 156
30 29 172
31 70 17
31 74 71
32 60 12
33 24 78
33 68 20
34 23 441
34 56 300
35 22 225
35 76 94
36 7 239
36 71 103
37 39 54
38 57 98
38 73 237
39 37 54
39 40 8
40 39 8
40 46 561
41 34 164
41 42 20
42 12 360
42 33 9
43 54 109
44 6 306
45 5 348
45 77 175
46 10 201
46 15 10
47 39 563
47 46 14
48 49 14
48 55 120
49 19 13
50 14 182
50 29 175
50 51 169
51 21 18
51 50 169
52 25 493
53 27 285
53 66 81
54 61 10
55 77 202
56 23 142
56 47 427
57 73 142
58 25 315
59 12 538
59 17 452
60 36 152
60 54 18
61 32 19
62 67 35
62 73 16
63 1 420
63 8 140
64 2 316
64 65 15
65 64 15
66 27 206
67 13 402
67 16 401
68 41 9
69 3 923
70 62 8
71 7 136
71 68 482
72 53 583
72 66 660
73 31 8
74 35 511
74 76 607
75 43 106
75 54 210
76 22 137
77 45 175
2
8
14
56
57
58
59
61
65
67
70
