113 236 76 35 9
1 12 287
1 64 744
2 26 231
2 98 14
3 42 9
4 51 126
5 70 16
6 23 277
6 74 82
6 97 78
6 100 384
7 8 11
7 60 571
8 7 11
9 76 347
10 33 198
11 99 127
12 1 287
12 22 539
12 28 977
13 18 470
13 71 794
13 74 621
13 94 213
14 17 15
14 53 66
15 66 505
15 81 214
15 84 197
16 21 14
16 41 828
16 45 356
17 14 15
17 107 136
18 13 470
18 77 536
18 83 465
18 102 707
19 111 60
20 95 193
21 16 14
21 22 547
21 64 538
22 12 539
22 66 14
23 6 277
24 57 765
24 77 593
24 80 441
24 110 560
25 30 9
25 69 359
26 3 202
26 27 13
27 26 13
27 98 229
28 12 977
28 80 456
28 81 371
29 30 18
30 10 497
30 25 9
30 31 17
31 29 14
31 56 10
32 84 14
32 89 15
33 4 83
33 51 204
34 35 18
34 57 604
34 110 768
35 34 18
35 112 126
36 44 272
36 95 124
37 73 339
37 96 177
38 31 286
39 11 329
39 40 188
40 11 144
40 52 378
41 16 828
41 32 440
41 71 9
42 43 14
43 49 246
43 88 10
44 65 12
45 39 78
45 76 20
46 38 441
46 61 300
47 9 239
47 86 103
48 49 8
48 88 246
49 48 8
49 50 607
50 46 164
50 51 20
51 21 360
51 45 9
52 59 109
53 54 16
53 103 323
54 17 66
54 53 16
55 29 10
56 55 14
57 24 765
57 58 19
58 35 608
58 57 19
58 108 623
59 41 182
59 67 10
60 62 15
60 106 207
61 38 142
61 56 427
62 63 20
62 91 595
63 8 570
63 60 16
63 93 175
64 1 744
64 21 538
65 47 152
65 59 18
66 15 505
66 16 545
66 22 14
67 37 159
67 44 19
68 20 215
68 87 197
69 4 420
69 10 140
70 5 16
70 34 959
71 13 794
71 41 9
71 67 179
72 19 114
72 90 213
73 72 135
74 6 82
74 13 621
74 97 41
75 68 289
75 87 483
76 48 607
76 50 9
77 18 536
77 24 593
77 85 234
78 82 283
79 81 178
79 82 314
79 84 301
80 24 441
80 28 456
80 82 460
81 15 214
81 28 371
81 79 178
82 78 283
82 79 314
82 80 460
82 83 410
83 18 465
83 82 410
83 89 219
84 15 197
84 32 14
84 79 301
85 77 234
86 9 136
86 76 482
87 36 89
88 3 14
88 27 208
89 32 15
89 71 441
89 83 219
90 92 19
91 63 608
91 75 25
91 92 16
92 23 726
92 91 16
92 94 66
93 63 175
94 13 213
94 92 66
95 44 148
96 19 414
96 73 164
97 6 78
97 74 41
97 101 571
98 2 14
98 104 252
99 52 106
99 59 210
100 6 384
100 105 382
101 97 571
101 102 409
101 105 80
102 18 707
102 101 409
102 109 612
103 2 257
103 104 14
104 54 323
104 103 14
105 100 382
105 101 80
106 14 131
106 107 13
107 62 206
107 106 13
108 58 623
109 102 612
109 110 496
110 24 560
110 34 768
110 109 496
110 113 629
111 90 43
111 94 58
112 5 828
113 110 629
5 86
15 78
19 99
20 35
27 88
40 98
58 60
59 84
72 87
