464 1176 433 138 62
1 130 93
2 128 47
2 414 6
3 6 21
3 409 38
4 463 95
5 1 90
6 3 21
6 341 12
6 345 63
7 14 744
7 315 71
8 122 31
8 315 12
8 370 133
9 44 121
9 73 98
9 177 24
10 4 134
11 134 216
11 144 43
12 40 148
12 121 25
12 172 31
12 175 27
13 74 129
13 139 24
13 199 23
14 88 216
15 44 134
15 45 83
15 241 16
16 47 160
16 75 71
16 173 28
17 187 27
17 230 26
17 392 52
18 26 123
18 56 50
18 144 27
19 169 18
19 170 23
19 235 218
20 64 39
20 374 54
21 24 39
21 316 36
21 326 49
21 360 149
22 24 44
22 25 90
22 269 76
23 268 45
23 281 17
23 328 40
24 21 39
24 22 44
24 25 47
24 279 118
25 22 90
25 24 47
25 326 38
26 18 123
26 28 22
26 201 37
27 407 28
28 26 22
28 56 127
28 163 136
29 118 57
29 200 27
29 204 31
30 407 38
31 32 58
31 262 28
31 270 29
32 31 58
32 271 29
32 366 31
33 35 152
33 287 42
33 305 91
34 58 89
34 206 35
34 215 25
35 33 152
35 36 40
35 37 33
36 35 40
36 314 38
36 421 29
37 35 33
37 171 27
37 322 33
38 39 193
38 418 26
38 421 39
39 38 193
39 308 6
39 442 37
40 12 148
40 188 33
40 192 31
41 416 36
41 418 28
42 43 168
42 444 32
42 445 32
43 42 168
43 428 151
43 429 36
43 430 27
44 9 121
44 15 134
44 222 32
45 15 83
45 69 31
45 90 74
46 286 59
46 438 9
46 439 50
47 16 160
47 162 263
47 172 24
48 286 31
48 410 30
48 441 32
49 215 32
49 217 32
49 223 89
49 274 99
50 52 124
50 369 87
50 440 29
51 59 5
51 164 69
51 259 25
52 50 124
52 286 30
52 410 28
52 438 24
53 382 151
53 383 9
53 394 176
54 55 248
54 188 23
54 194 33
55 54 248
55 217 24
55 220 33
55 222 23
56 18 50
56 28 127
56 255 22
57 162 159
57 201 23
57 240 52
58 34 89
58 202 32
58 204 26
58 209 25
59 51 5
59 60 134
59 234 19
60 59 134
61 20 137
62 76 7
63 90 30
63 98 29
64 20 39
64 98 28
65 66 9
65 327 190
66 65 9
66 166 51
66 185 7
67 68 150
67 462 76
68 461 33
69 45 31
69 73 23
70 84 31
70 93 23
71 75 13
72 161 150
73 9 98
73 69 23
73 374 189
74 13 129
74 138 23
74 173 28
75 16 71
75 71 13
75 169 97
75 236 441
76 62 7
76 413 136
77 231 94
78 449 23
79 313 106
79 457 43
80 128 34
80 245 17
81 96 6
81 431 15
82 83 20
82 431 8
83 82 20
83 424 210
84 93 20
85 89 36
85 157 14
86 92 28
86 321 19
87 97 66
87 415 17
88 71 23
89 86 41
90 45 74
90 63 30
91 61 109
91 93 13
91 448 7
92 135 4
93 84 20
93 91 13
94 458 32
94 460 35
95 272 51
95 453 16
95 459 11
96 81 6
96 97 153
96 245 28
97 87 66
97 96 153
97 245 165
98 63 29
98 64 28
99 100 17
99 297 46
100 99 17
101 102 134
102 101 134
102 103 39
102 404 26
103 102 39
103 104 46
103 368 39
104 103 46
104 105 111
104 367 131
105 104 111
105 106 37
105 107 37
106 105 37
107 105 37
107 368 78
107 402 32
108 412 38
108 413 28
109 110 114
109 412 95
110 109 114
110 437 38
110 440 21
111 112 86
111 113 54
111 226 28
112 111 86
112 114 53
112 218 23
113 111 54
113 114 91
113 213 21
114 112 53
114 113 91
114 208 26
115 117 73
115 120 93
115 192 23
116 118 72
116 175 26
116 181 32
117 115 73
117 119 93
117 206 25
118 29 57
118 116 72
118 197 30
119 117 93
119 120 72
119 197 23
119 202 26
120 115 93
120 119 72
120 181 22
121 12 25
121 200 180
121 289 28
122 8 31
122 127 97
122 331 9
123 331 31
123 335 5
123 379 82
124 127 38
124 379 30
125 126 42
125 447 6
126 125 42
126 377 41
127 122 97
127 124 38
127 378 21
128 2 47
128 80 34
128 345 17
129 132 58
129 141 16
129 142 13
130 10 221
130 137 109
131 337 23
131 343 32
131 349 15
132 133 45
132 136 53
133 10 79
133 132 45
134 135 13
134 233 20
135 134 13
135 330 28
136 137 44
136 210 100
137 133 53
137 136 44
138 74 23
138 139 143
138 174 24
139 13 24
139 138 143
139 288 20
140 141 21
140 207 28
140 401 127
141 129 16
141 140 21
141 302 85
142 129 13
142 210 214
143 144 235
143 233 35
143 240 28
144 11 43
144 18 27
144 143 235
145 305 34
145 320 60
145 325 90
146 171 60
146 284 22
146 311 105
147 307 37
147 359 5
147 383 53
148 207 254
148 390 80
149 304 50
149 422 27
149 434 45
150 151 50
150 152 51
150 304 72
151 150 50
151 426 65
151 427 66
152 150 51
152 303 95
152 433 65
153 154 88
153 362 173
154 153 88
154 324 11
154 394 119
155 364 72
155 382 51
155 390 81
156 364 76
156 400 87
156 401 43
157 85 14
157 263 40
158 375 43
158 396 6
159 160 23
160 244 96
161 14 209
161 236 10
162 47 263
162 57 159
162 190 23
162 236 52
163 28 136
163 164 249
163 190 26
163 194 26
164 51 69
164 163 249
164 220 33
165 323 13
166 67 52
166 167 201
167 166 201
167 189 52
167 278 19
167 454 49
168 89 23
168 157 30
169 19 18
169 75 97
169 237 244
170 19 23
170 179 141
170 193 123
171 37 27
171 146 60
171 320 164
172 12 31
172 47 24
172 173 154
172 190 263
173 16 28
173 74 28
173 172 154
174 138 24
174 184 94
174 289 42
175 12 27
175 116 26
175 192 148
176 264 10
176 273 35
177 9 24
177 178 159
177 234 9
178 177 159
178 260 59
179 170 141
179 193 101
179 292 43
180 182 131
180 290 16
180 417 39
181 116 32
181 120 22
181 197 72
182 180 131
182 416 45
182 420 108
183 186 95
183 420 46
183 437 18
184 174 94
184 288 63
184 289 109
185 443 110
185 452 9
186 183 95
186 265 100
187 17 27
187 191 90
187 275 31
188 40 33
188 54 23
188 217 247
189 66 201
189 167 52
190 162 23
190 163 26
190 172 263
190 201 159
191 187 90
191 225 28
191 274 33
192 40 31
192 115 23
192 175 148
193 170 123
193 179 101
193 291 49
194 54 33
194 163 26
194 220 248
195 248 20
195 446 194
196 198 29
196 203 112
196 232 24
197 118 30
197 119 23
197 181 72
197 204 57
198 196 29
198 205 113
199 13 23
199 209 153
199 224 29
200 29 27
200 121 180
200 288 26
201 26 37
201 57 23
201 190 159
202 58 32
202 119 26
202 206 91
203 196 112
203 205 29
203 291 34
204 29 31
204 58 26
204 197 57
205 198 113
205 203 29
205 211 29
206 34 35
206 117 25
206 202 91
207 140 28
207 142 20
208 114 26
208 213 94
208 224 30
209 58 25
209 199 153
209 215 89
209 223 32
210 403 109
211 205 29
212 223 29
212 230 161
212 294 24
213 113 21
213 208 94
213 294 28
214 265 38
214 290 12
215 34 25
215 49 32
215 209 89
216 195 9
216 251 25
217 49 32
217 55 24
217 188 247
217 239 174
218 112 23
218 226 83
218 227 31
219 216 10
219 444 137
220 55 33
220 164 33
220 194 248
221 243 7
221 348 30
221 408 21
222 44 32
222 55 23
222 234 130
223 49 89
223 209 32
223 212 29
223 275 101
224 199 29
224 208 30
224 294 97
225 191 28
225 242 13
225 393 18
226 111 28
226 218 83
226 293 29
227 218 31
227 228 29
227 293 80
228 227 29
228 238 185
229 442 48
230 17 26
230 212 161
230 293 27
231 371 60
232 196 24
232 235 21
232 292 6
233 143 35
233 321 15
234 59 19
234 177 9
234 222 130
235 19 218
235 232 21
235 237 24
236 75 441
236 161 10
236 162 52
236 240 158
237 169 244
237 235 24
238 228 185
238 392 34
239 217 174
239 241 20
239 393 13
240 57 52
240 143 28
240 236 158
241 15 16
241 239 20
242 225 13
242 392 23
243 99 159
243 221 7
244 77 26
245 80 17
245 96 28
245 97 165
246 78 42
247 195 21
247 248 29
248 346 272
249 247 65
249 250 9
250 249 9
251 250 57
252 216 25
252 251 32
253 254 132
253 255 32
253 257 30
254 11 50
254 253 132
255 56 22
255 253 32
255 256 106
256 255 106
257 253 30
257 258 117
257 259 27
258 257 117
259 51 25
259 257 27
259 260 145
260 254 64
260 259 145
261 270 46
261 404 43
261 405 87
262 31 28
262 366 58
262 407 37
263 435 36
264 176 10
264 329 88
264 384 59
265 186 100
265 214 38
266 267 36
266 314 125
266 442 5
267 266 36
267 268 95
267 312 61
268 23 45
268 267 95
268 269 120
269 22 76
269 268 120
270 31 29
270 261 46
270 271 59
271 32 29
271 270 59
271 405 15
272 95 51
272 276 70
272 301 36
273 276 53
273 277 71
274 49 99
274 191 33
274 275 90
275 187 31
275 223 101
275 274 90
276 272 70
276 273 53
276 278 73
277 189 20
277 278 52
278 167 19
278 276 73
278 277 52
279 24 118
279 280 38
279 281 62
280 279 38
280 283 50
280 316 81
281 23 17
281 279 62
281 282 40
282 281 40
282 283 12
282 328 16
283 280 50
283 282 12
283 284 59
284 146 22
284 283 59
284 319 131
285 298 153
285 403 18
285 404 184
286 46 59
286 48 31
286 52 30
287 33 42
287 425 65
287 428 65
288 139 20
288 184 63
288 200 26
289 121 28
289 174 42
289 184 109
290 180 16
290 214 12
291 193 49
291 203 34
291 292 109
292 179 43
292 232 6
292 291 109
293 226 29
293 227 80
293 230 27
294 212 24
294 213 28
294 224 97
295 296 55
295 298 62
295 302 18
296 295 55
296 298 108
296 302 112
296 368 40
297 299 10
298 285 153
298 295 62
298 296 108
299 219 129
300 303 147
301 272 36
302 141 85
302 295 18
302 296 112
303 152 95
303 300 147
303 434 25
304 149 50
304 150 72
304 423 27
305 33 91
305 145 34
305 311 27
306 320 40
307 147 37
307 329 39
307 360 92
308 39 6
308 310 49
308 417 18
309 311 156
309 317 65
309 319 104
310 308 49
311 146 105
311 305 27
311 309 156
312 267 61
313 79 106
313 456 41
313 461 40
314 36 38
314 266 125
314 322 74
315 8 12
315 165 177
316 21 36
316 280 81
316 319 61
317 309 65
317 325 67
317 329 78
318 377 26
318 450 19
319 284 131
319 309 104
319 316 61
320 145 60
320 171 164
320 306 40
321 72 67
321 168 41
322 37 33
322 314 74
322 328 53
323 86 40
323 92 51
324 154 11
324 326 100
325 145 90
325 317 67
325 327 92
326 21 49
326 25 38
326 324 100
326 361 51
327 264 137
327 325 92
328 23 40
328 282 16
328 322 53
329 264 88
329 307 39
329 317 78
330 332 73
330 358 151
331 122 9
331 123 31
332 334 92
332 347 77
333 334 54
334 332 92
334 333 54
334 337 41
335 123 5
335 338 36
336 338 57
337 131 23
337 334 41
337 349 18
338 335 36
338 336 57
338 341 27
339 341 45
340 343 39
341 6 12
341 338 27
341 339 45
342 344 42
343 131 32
343 340 39
343 344 32
343 352 37
344 342 42
344 343 32
344 345 41
344 354 56
345 6 63
345 128 17
345 344 41
346 221 40
346 348 48
347 349 116
347 351 20
348 221 30
348 408 39
349 131 15
349 337 18
349 347 116
349 350 13
350 349 13
350 351 124
350 352 18
351 350 124
351 353 22
352 343 37
352 350 18
352 353 134
352 354 14
353 352 134
353 355 17
354 344 56
354 352 14
354 355 141
354 356 172
355 354 141
355 356 21
356 87 45
356 354 172
357 358 38
358 331 83
358 357 38
359 147 5
359 360 51
359 361 98
360 21 149
360 307 92
360 359 51
361 326 51
361 359 98
362 153 173
362 363 81
362 380 23
363 362 81
363 382 97
363 394 24
364 155 72
364 156 76
364 380 136
365 85 234
365 451 81
366 32 31
366 262 58
367 104 131
367 376 47
368 103 39
368 107 78
368 296 40
369 50 87
369 410 58
369 412 56
370 8 133
370 372 17
370 377 53
370 447 31
371 246 54
372 7 60
372 370 17
373 243 51
373 464 8
374 73 189
374 178 113
375 158 43
375 376 89
375 399 31
375 400 82
376 367 47
376 375 89
377 126 41
377 318 26
377 370 53
378 127 21
378 447 26
379 123 82
379 124 30
380 362 23
380 364 136
380 395 91
381 148 57
381 386 58
382 53 151
382 155 51
382 363 97
382 387 49
383 53 9
383 147 53
383 388 49
384 381 160
384 385 63
385 384 63
385 386 160
385 388 52
386 381 58
386 385 160
386 389 22
387 382 49
387 388 159
387 389 31
388 383 49
388 385 52
388 387 159
389 386 22
389 387 31
389 390 49
390 148 80
390 155 81
390 389 49
391 402 87
392 17 52
392 238 34
392 242 23
393 225 18
393 239 13
394 53 176
394 154 119
394 363 24
395 380 91
395 397 52
395 399 30
396 158 6
396 398 32
397 395 52
397 398 29
398 396 32
398 397 29
398 399 51
399 375 31
399 395 30
399 398 51
400 156 87
400 375 82
400 401 86
401 140 127
401 156 43
401 400 86
401 402 25
402 107 32
402 391 87
402 401 25
403 285 18
403 365 50
404 102 26
404 261 43
404 285 184
405 261 87
405 271 15
405 406 39
406 405 39
407 27 28
407 30 38
407 262 37
408 464 32
409 3 38
409 411 29
410 48 30
410 52 28
410 369 58
411 409 29
411 414 20
412 108 38
412 109 95
412 369 56
413 108 28
413 432 117
413 446 7
414 2 6
414 411 20
415 424 16
415 431 217
416 41 36
416 182 45
416 417 128
417 180 39
417 308 18
417 416 128
418 38 26
418 41 28
418 422 25
419 420 63
419 434 58
419 439 126
420 182 108
420 183 46
420 419 63
421 36 29
421 38 39
421 425 54
422 149 27
422 418 25
422 423 52
423 304 27
423 422 52
423 426 28
424 83 210
424 159 17
425 287 65
425 421 54
425 426 63
426 151 65
426 423 28
426 425 63
427 151 66
427 428 67
427 430 55
428 43 151
428 287 65
428 427 67
429 43 36
429 452 150
430 43 27
430 427 55
430 433 45
431 81 15
431 82 8
431 415 217
432 219 67
432 441 104
433 152 65
433 430 45
433 436 57
434 149 45
434 303 25
434 419 58
435 5 136
436 433 57
436 439 59
436 445 64
437 110 38
437 183 18
438 46 9
438 52 24
438 440 127
439 46 50
439 419 126
439 436 59
440 50 29
440 110 21
440 438 127
441 48 32
441 432 104
441 445 47
442 39 37
442 229 48
442 266 5
443 252 319
444 42 32
444 429 169
445 42 32
445 436 64
445 441 47
446 62 137
446 413 7
447 125 6
447 370 31
447 378 26
448 91 7
449 70 4
450 318 19
450 372 79
451 365 81
452 65 7
453 95 16
454 167 49
454 455 84
454 458 30
455 454 84
455 456 104
455 462 40
456 313 41
456 455 104
456 457 105
457 79 43
457 456 105
457 458 98
458 94 32
458 454 30
458 457 98
459 95 11
459 460 55
460 94 35
460 459 55
461 68 33
461 313 40
461 462 142
462 67 76
462 455 40
462 461 142
463 176 316
464 373 8
20
24
36
47
49
50
52
69
78
93
96
102
114
123
126
128
147
150
164
167
174
178
179
195
199
203
209
212
217
220
222
233
248
254
262
273
284
288
292
296
306
310
311
314
317
319
320
351
356
376
386
388
396
407
408
420
422
423
436
439
456
461
