46 118 33 12 8
1 32 27
1 43 26
2 18 27
2 24 31
2 44 57
3 6 101
3 12 43
3 41 141
4 7 63
4 10 109
4 46 94
5 9 13
6 3 101
6 11 49
6 41 123
7 4 63
7 18 26
7 21 20
8 19 23
8 26 28
8 33 129
9 5 13
9 36 71
9 40 97
10 4 109
10 45 28
10 46 42
11 6 49
11 12 109
11 22 34
12 3 43
12 11 109
12 37 6
13 35 97
14 15 29
14 22 112
14 37 24
15 14 29
15 23 33
15 25 113
16 20 24
16 36 160
17 33 23
17 35 29
18 2 27
18 7 26
18 45 180
19 8 23
19 21 143
19 46 24
20 16 24
20 26 154
20 32 31
21 7 20
21 19 143
21 33 24
22 11 34
22 14 112
22 25 29
23 15 33
23 27 28
23 31 115
24 2 31
24 34 26
25 15 113
25 22 29
25 31 29
26 8 28
26 20 154
26 36 28
27 23 28
27 30 24
28 29 26
29 28 26
29 35 30
30 27 24
31 23 115
31 25 29
32 1 27
32 20 31
32 45 25
33 8 129
33 17 23
33 21 24
34 24 26
35 13 97
35 17 29
35 29 30
36 9 71
36 16 160
36 26 28
37 12 6
37 14 24
37 38 21
38 37 21
38 39 24
38 42 218
39 38 24
39 40 244
40 9 97
40 39 244
40 42 18
41 3 141
41 6 123
41 42 23
42 38 218
42 40 18
42 41 23
43 1 26
43 44 72
44 2 57
44 43 72
45 10 28
45 18 180
45 32 25
46 4 94
46 10 42
46 19 24
2
19
20
21
22
23
31
40
