111 226 30 34 12
1 27 27
1 48 26
2 35 276
2 47 11
3 57 237
4 73 62
4 103 36
5 97 123
6 15 72
6 48 32
6 53 22
7 82 63
7 85 109
7 111 94
8 99 31
9 14 94
9 90 8
10 11 9
11 10 9
11 64 9
12 3 41
13 67 5
14 88 68
14 91 12
15 6 72
15 19 57
15 49 30
15 51 23
16 24 153
16 30 23
16 33 29
17 54 180
17 63 27
17 82 26
18 51 26
18 75 32
19 15 57
19 63 31
19 75 26
20 22 53
20 28 23
21 22 91
21 26 21
22 20 53
22 21 91
22 23 26
23 22 26
23 26 94
23 33 30
24 16 153
24 32 32
24 75 25
25 32 29
25 86 24
26 21 21
26 23 94
26 86 28
27 1 27
27 54 25
27 108 31
28 20 23
28 36 31
29 43 91
30 16 23
30 71 24
30 83 129
31 76 38
31 80 20
32 24 32
32 25 29
33 16 29
33 23 30
33 86 97
34 35 12
34 47 278
35 34 12
35 38 19
36 28 31
36 37 29
37 36 29
38 40 12
38 43 108
39 69 160
39 84 71
39 110 28
40 34 20
40 38 12
41 79 37
41 94 58
42 47 125
42 94 49
42 96 368
43 13 12
43 68 13
44 60 34
45 60 63
46 101 18
46 105 23
47 2 11
47 42 125
48 1 26
48 6 32
48 49 72
49 15 30
49 48 72
49 63 57
50 2 66
51 15 23
51 18 26
51 53 72
52 13 14
52 68 13
53 6 22
53 51 72
54 17 180
54 27 25
54 85 28
55 50 39
56 31 11
57 50 58
57 55 35
58 92 53
59 56 18
60 61 39
61 62 35
62 44 43
62 95 29
63 17 27
63 19 31
63 49 57
64 59 33
65 78 27
65 92 6
66 75 89
67 5 126
67 93 14
68 40 107
68 43 13
69 39 160
69 108 24
70 71 143
70 83 23
70 111 24
71 30 24
71 70 143
71 82 20
72 73 63
72 103 32
73 4 62
73 72 63
73 74 175
74 29 11
74 73 175
75 18 32
75 19 26
75 24 25
75 66 89
76 93 240
77 78 35
78 65 27
78 77 35
79 41 37
80 59 9
80 98 32
81 45 140
81 84 13
82 7 63
82 17 26
82 71 20
83 30 129
83 70 23
83 110 28
84 39 71
84 81 13
84 101 97
85 7 109
85 54 28
85 111 42
86 25 24
86 26 28
86 33 97
87 99 65
87 100 35
88 106 26
89 9 81
90 12 100
91 14 12
91 74 433
91 90 103
92 65 6
92 96 45
93 52 5
93 58 111
94 41 58
94 42 49
95 89 52
96 42 368
96 52 120
97 80 38
97 98 54
98 10 9
99 8 31
99 87 65
100 87 35
100 102 31
101 46 18
101 84 97
102 100 31
102 103 63
103 4 36
103 72 32
103 102 63
104 109 46
105 46 23
106 104 22
107 8 37
108 27 31
108 69 24
108 110 154
109 107 24
110 39 28
110 83 28
110 108 154
111 7 94
111 70 24
111 85 42
5
7
10
19
26
31
38
42
58
79
91
99
