703 1745 39 312 5
1 255 93
1 350 364
2 20 88
2 143 94
2 362 65
3 129 17
3 316 36
3 387 164
4 43 276
4 237 11
5 301 10
5 314 67
5 666 11
6 402 428
6 620 237
7 636 62
7 698 36
8 564 76
9 12 77
10 253 47
10 656 6
11 595 135
11 604 180
12 9 77
12 17 23
12 564 29
13 693 31
14 30 21
14 654 38
15 26 94
15 543 8
16 17 64
17 12 23
17 16 64
17 140 32
18 448 184
19 140 75
20 2 88
20 686 95
21 22 25
21 102 117
21 538 32
22 21 25
22 23 70
22 140 32
23 22 70
24 6 41
25 84 5
26 160 68
26 544 12
27 143 82
27 277 47
27 352 28
28 277 36
28 278 53
28 379 79
29 1 90
29 604 226
30 14 21
30 576 12
30 580 63
31 45 744
31 550 71
32 161 10
32 513 75
33 246 31
33 550 12
33 610 133
34 79 121
34 155 98
34 401 24
35 63 50
35 549 172
35 664 58
36 20 134
37 259 216
37 275 43
38 77 148
38 245 25
38 392 31
38 399 27
39 157 129
39 264 24
39 423 23
40 41 26
40 621 51
41 40 26
41 613 2
42 43 12
42 237 278
43 42 12
43 44 19
44 47 12
44 236 108
45 185 216
46 79 134
46 85 83
46 472 16
47 42 20
47 44 12
48 87 160
48 158 71
48 393 28
49 407 27
49 461 26
49 629 52
50 675 278
51 646 38
51 650 127
51 653 35
52 549 58
52 582 137
52 653 37
53 50 95
53 603 90
54 502 105
54 647 34
54 692 68
55 65 123
55 111 50
55 275 27
56 62 64
56 69 34
57 329 180
57 560 169
58 60 80
58 63 58
58 664 47
58 689 30
59 69 63
60 58 80
60 664 105
60 692 23
61 390 18
61 391 23
61 465 218
62 53 53
63 35 50
63 58 58
63 229 175
64 137 39
64 612 54
65 55 123
65 68 22
65 426 37
66 640 21
67 639 28
67 640 34
68 65 22
68 111 127
68 356 136
69 70 39
70 71 35
70 81 63
71 56 43
71 175 29
72 241 57
72 425 27
72 431 31
73 501 28
73 525 29
74 118 89
74 434 35
74 445 25
75 328 66
75 332 60
75 540 22
76 78 14
76 296 32
76 333 60
77 38 148
77 412 33
77 414 31
78 76 14
78 80 36
79 34 121
79 46 134
79 454 32
80 78 36
80 350 35
81 388 136
82 83 62
82 86 67
82 88 18
82 122 18
83 82 62
83 114 14
83 124 18
83 131 93
84 330 14
84 411 126
85 46 83
85 146 31
85 189 74
85 480 28
86 82 67
86 97 17
86 112 20
87 48 160
87 355 263
87 392 24
88 82 18
88 112 70
88 124 63
88 336 18
89 445 32
89 449 32
89 455 89
89 526 99
90 661 94
90 675 96
91 132 5
91 357 69
91 497 25
92 100 18
92 105 16
92 125 60
92 127 55
93 105 60
93 107 62
93 122 18
93 125 17
94 504 36
94 554 86
94 560 62
95 100 21
95 126 54
95 335 61
96 112 19
96 181 39
96 336 74
97 86 17
97 107 17
97 122 64
98 131 39
99 115 22
99 120 13
99 335 53
100 92 18
100 95 21
100 109 61
100 113 54
101 120 22
101 129 24
102 21 117
102 110 50
102 131 18
102 219 70
103 104 248
103 412 23
103 416 33
104 103 248
104 449 24
104 453 33
104 454 23
105 92 16
105 93 60
105 114 21
105 128 56
106 70 51
107 93 62
107 97 17
107 130 18
108 110 56
108 116 74
108 685 73
109 100 61
109 115 56
109 125 18
109 335 20
110 102 50
110 108 56
110 538 42
111 55 50
111 68 127
111 493 22
112 86 20
112 88 70
112 96 19
113 100 54
113 126 19
113 127 18
114 83 14
114 105 21
114 116 57
114 122 60
115 99 22
115 109 56
115 130 18
116 108 74
116 114 57
116 128 16
117 355 159
117 426 23
117 471 52
118 74 89
118 428 32
118 431 26
118 439 25
119 485 61
119 487 10
119 690 46
120 99 13
120 101 22
120 673 95
121 24 618
121 417 41
122 82 18
122 93 18
122 97 64
122 114 60
123 40 145
123 696 24
124 83 18
124 88 63
124 219 20
125 92 60
125 93 17
125 109 18
125 130 59
126 95 54
126 113 19
126 685 77
127 92 55
127 113 18
127 128 17
128 105 56
128 116 16
128 127 17
129 3 17
129 500 17
130 107 18
130 115 18
130 125 59
131 83 93
131 98 39
131 102 18
132 91 5
132 133 134
132 464 19
133 132 134
134 64 137
134 470 39
135 136 139
135 212 28
135 215 22
136 135 139
136 189 30
136 209 29
137 64 39
137 209 28
137 470 138
138 470 102
138 677 29
139 189 30
139 480 80
139 679 24
140 17 32
140 19 75
140 22 32
141 47 107
141 236 13
142 166 57
142 234 223
143 2 94
143 27 82
143 686 65
144 145 371
144 559 44
144 687 6
145 147 164
145 555 44
146 85 31
146 155 23
146 202 177
147 552 41
148 178 24
148 179 29
148 198 63
149 106 10
150 417 18
150 663 85
151 59 140
151 158 13
152 375 11
153 173 44
154 354 150
155 34 98
155 146 23
155 612 189
156 483 57
156 631 55
157 39 129
157 263 23
157 393 28
158 48 71
158 151 13
158 390 97
158 466 441
159 688 74
160 701 26
161 154 52
161 389 42
162 15 81
163 165 27
163 351 23
163 420 6
164 56 67
164 162 65
165 163 27
166 142 57
166 504 374
167 523 9
167 524 148
168 253 34
168 484 17
169 206 6
169 660 15
170 182 53
170 347 106
170 400 39
171 187 33
171 198 62
171 375 19
172 174 20
172 660 8
173 153 44
173 347 8
174 172 20
174 659 210
175 162 52
176 541 38
177 199 20
178 148 24
178 203 34
178 210 51
179 148 29
179 205 34
179 215 74
180 188 36
180 342 14
181 96 39
181 311 33
181 316 83
182 153 41
182 170 53
183 193 28
183 556 19
184 207 66
184 657 17
185 151 23
186 191 90
186 642 54
186 643 8
187 171 33
187 211 35
187 400 22
188 183 41
188 191 13
189 85 74
189 136 30
189 139 30
190 198 33
190 215 6
190 217 7
191 186 90
191 361 58
192 134 109
192 199 13
192 677 7
193 260 4
194 195 77
194 196 12
194 658 106
195 194 77
196 194 12
196 197 69
196 665 114
197 196 69
198 148 63
198 171 62
198 190 33
198 210 23
199 177 20
199 192 13
200 201 42
201 200 42
201 337 94
201 341 99
201 603 226
202 146 177
203 178 34
203 205 71
204 170 157
204 628 26
205 179 34
205 216 20
206 169 6
206 207 153
206 484 28
207 184 66
207 206 153
207 484 165
208 211 19
208 225 112
208 480 29
208 679 88
209 136 29
209 137 28
209 212 138
210 198 23
210 375 53
211 187 35
211 208 19
211 217 110
212 135 28
212 209 138
212 216 102
212 470 27
213 214 39
213 638 26
214 213 39
214 609 39
215 135 22
215 179 74
215 190 6
216 138 26
216 212 102
217 190 7
217 211 110
217 679 76
218 220 125
219 102 70
219 124 20
219 313 28
219 336 66
220 218 125
220 695 23
221 222 86
221 223 54
221 458 28
222 221 86
222 224 53
222 450 23
223 221 54
223 224 91
223 444 21
224 222 53
224 223 91
224 437 26
225 208 112
225 479 82
225 632 75
226 236 91
227 228 12
227 294 58
227 596 16
228 227 12
228 344 64
228 345 26
228 348 110
229 63 175
229 230 21
230 231 9
230 674 87
231 232 48
231 561 7
232 235 111
232 504 48
233 234 25
233 436 12
234 142 223
234 436 24
235 233 10
236 25 12
236 141 13
237 4 11
237 473 125
237 614 90
238 240 73
238 244 93
238 414 23
239 241 72
239 399 26
239 406 32
240 238 73
240 243 93
240 434 25
241 72 57
241 239 72
241 419 30
242 25 14
242 141 13
243 240 93
243 244 72
243 419 23
243 428 26
244 238 93
244 243 72
244 406 22
245 38 25
245 425 180
245 530 28
246 33 31
246 252 97
246 566 9
247 566 31
247 570 5
247 622 82
248 451 11
249 252 38
249 622 30
250 251 42
250 676 6
251 250 42
251 618 41
252 246 97
252 249 38
252 619 21
253 10 47
253 168 34
253 580 17
254 257 58
254 272 16
254 273 13
255 36 221
255 262 109
256 572 23
256 578 32
256 585 15
257 258 45
257 261 53
258 36 79
258 257 45
259 260 13
259 463 20
260 259 13
260 565 28
261 262 44
261 440 100
262 258 53
262 261 44
263 157 23
263 264 143
263 395 24
264 39 24
264 263 143
264 529 20
265 123 141
265 538 72
266 267 61
266 432 36
266 562 192
267 266 61
268 366 190
268 432 44
268 563 87
269 226 11
269 636 175
270 292 51
270 545 19
271 272 21
271 438 28
272 254 16
272 271 21
272 542 85
273 254 13
273 440 214
274 275 235
274 463 35
274 471 28
275 37 43
275 55 27
275 274 235
276 277 51
277 27 47
277 28 36
277 276 51
278 28 53
279 379 41
280 551 43
281 282 43
282 281 43
282 546 5
282 682 23
283 284 51
283 285 42
283 287 40
284 283 51
284 286 42
284 288 41
285 283 42
285 286 51
285 300 43
286 284 42
286 285 51
286 683 42
287 283 40
287 288 51
287 289 38
288 284 41
288 287 51
288 291 37
289 287 38
289 291 51
289 545 23
290 330 240
291 288 37
291 289 51
291 292 43
292 270 51
292 291 43
292 293 28
293 292 28
293 364 31
294 227 58
294 296 27
294 334 66
295 296 49
296 76 32
296 294 27
296 295 49
297 374 32
297 624 9
298 310 30
299 432 95
299 666 73
299 680 129
300 285 43
300 682 17
300 683 50
301 5 10
301 302 63
301 305 22
302 301 63
302 303 11
302 670 10
303 302 11
303 304 62
303 306 13
304 303 62
304 308 25
304 668 21
305 301 22
305 306 62
305 309 23
306 303 13
306 305 62
306 307 11
307 306 11
307 308 60
307 310 12
308 304 25
308 307 60
308 312 60
309 305 23
309 310 62
309 311 51
310 298 30
310 307 12
310 309 62
311 181 33
311 309 51
311 312 115
312 308 60
312 311 115
312 313 68
312 336 34
313 219 28
313 312 68
313 680 215
314 5 67
314 321 136
314 382 101
315 316 59
315 318 24
315 387 76
316 3 36
316 181 83
316 315 59
317 318 76
317 319 50
317 387 26
318 315 24
318 317 76
318 321 57
319 317 50
319 321 73
319 382 110
320 633 19
321 314 136
321 318 57
321 319 73
322 229 16
322 324 65
323 324 56
324 322 65
324 323 56
324 473 536
325 693 65
325 694 35
326 358 19
327 349 45
327 626 6
328 75 66
329 57 180
329 641 37
330 242 5
330 623 111
331 230 6
331 322 4
332 75 60
332 539 30
332 601 60
333 76 60
334 294 66
335 95 61
335 99 53
335 109 20
336 88 18
336 96 74
336 219 66
336 312 34
337 201 94
337 338 41
337 658 31
338 337 41
339 326 22
339 421 19
340 339 25
340 420 52
341 201 99
342 180 14
342 513 40
343 351 64
343 663 20
344 228 64
345 228 26
346 173 8
347 203 19
347 346 7
348 228 110
348 452 89
348 540 56
349 242 120
349 473 368
350 1 364
350 80 35
350 539 138
351 163 23
351 343 64
352 27 28
352 353 62
352 649 57
353 352 62
353 362 63
353 651 35
354 45 209
354 466 10
355 87 263
355 117 159
355 413 23
355 466 52
356 68 136
356 357 249
356 413 26
356 416 26
357 91 69
357 356 249
357 453 33
358 340 18
358 404 46
359 121 44
359 663 19
360 386 128
361 643 31
362 2 65
362 353 63
362 383 125
363 297 38
363 374 54
364 144 101
364 293 31
365 361 59
365 558 13
366 268 190
366 367 73
366 369 34
367 366 73
368 369 66
369 366 34
369 368 66
369 370 22
370 369 22
370 371 76
370 372 31
371 370 76
372 370 31
372 373 71
372 559 22
373 372 71
374 606 9
375 152 11
375 171 19
375 400 30
376 377 77
376 380 32
376 381 100
377 376 77
377 378 24
377 684 30
378 377 24
378 379 73
378 381 6
379 28 79
379 279 41
379 378 73
379 551 32
380 376 32
380 382 41
380 385 23
381 376 100
381 378 6
381 548 28
382 314 101
382 319 110
382 380 41
383 362 125
383 384 98
383 386 16
384 383 98
384 385 73
384 651 61
385 380 23
385 384 73
385 684 52
386 360 128
386 383 16
386 627 57
387 3 164
387 315 76
387 317 26
388 583 16
389 188 23
389 342 30
390 61 18
390 158 97
390 467 244
391 61 23
391 405 141
391 415 123
392 38 31
392 87 24
392 393 154
392 413 263
393 48 28
393 157 28
393 392 154
394 503 52
395 263 24
395 408 94
395 530 42
396 583 33
397 394 26
398 404 41
398 583 178
399 38 27
399 239 26
399 414 148
400 170 39
400 187 22
401 34 24
401 403 159
401 464 9
402 699 633
403 401 159
403 498 59
404 358 46
404 398 41
405 391 141
405 415 101
405 532 43
406 239 32
406 244 22
406 419 72
407 49 27
407 409 90
407 527 31
408 395 94
408 529 63
408 530 109
409 407 90
409 457 28
409 526 33
410 411 52
411 363 123
411 410 52
412 77 33
412 103 23
412 449 247
413 355 23
413 356 26
413 392 263
413 426 159
414 77 31
414 238 23
414 399 148
415 391 123
415 405 101
415 531 49
416 103 33
416 356 26
416 453 248
417 149 208
417 150 18
418 422 29
418 429 112
418 462 24
419 241 30
419 243 23
419 406 72
419 431 57
420 163 6
420 340 52
420 427 36
421 339 19
421 424 26
421 427 69
422 418 29
422 430 33
422 433 113
423 39 23
423 439 153
423 456 29
424 421 26
425 72 27
425 245 180
425 529 26
426 65 37
426 117 23
426 413 159
427 420 36
427 421 69
428 118 32
428 243 26
428 434 91
429 418 112
429 433 29
429 531 34
430 422 33
430 435 28
430 442 115
431 72 31
431 118 26
431 419 57
432 266 36
432 268 44
432 299 95
433 422 113
433 429 29
433 442 29
434 74 35
434 240 25
434 428 91
435 430 28
435 446 119
436 522 61
436 524 11
437 224 26
437 444 94
437 456 30
438 271 28
438 273 20
439 118 25
439 423 153
439 445 89
439 455 32
440 637 109
441 265 174
441 564 78
442 430 115
442 433 29
442 446 33
443 455 29
443 461 161
443 534 24
444 223 21
444 437 94
444 534 28
445 74 25
445 89 32
445 439 89
446 435 119
446 442 33
446 447 22
447 446 22
448 62 88
448 164 8
449 89 32
449 104 24
449 412 247
449 469 174
450 222 23
450 458 83
450 459 31
451 290 38
451 297 20
452 348 89
452 598 48
452 669 130
453 104 33
453 357 33
453 416 248
454 79 32
454 104 23
454 464 130
455 89 89
455 439 32
455 443 29
455 527 101
456 423 29
456 437 30
456 534 97
457 409 28
457 474 13
457 632 18
458 221 28
458 450 83
458 533 29
459 450 31
459 460 29
459 533 80
460 459 29
460 468 185
460 476 162
461 49 26
461 443 161
461 533 27
462 418 24
462 465 21
462 532 6
463 274 35
463 556 15
464 132 19
464 401 9
464 454 130
465 61 218
465 462 21
465 467 24
466 158 441
466 354 10
466 355 52
466 471 158
467 390 244
467 465 24
468 460 185
468 629 34
468 634 106
469 449 174
469 472 20
469 632 13
470 134 39
470 137 138
470 138 102
470 212 27
471 117 52
471 274 28
471 466 158
472 46 16
472 469 20
472 480 127
473 237 125
473 324 536
473 349 368
473 549 49
474 457 13
474 479 138
474 629 23
475 18 20
475 477 74
476 460 162
476 478 33
476 481 176
477 475 35
478 476 33
478 482 174
478 631 31
479 225 82
479 474 138
479 634 25
480 85 28
480 139 80
480 208 29
480 472 127
481 476 176
481 482 26
481 634 59
482 478 174
482 481 26
482 630 27
483 156 57
483 628 112
484 168 17
484 206 28
484 207 165
485 119 61
485 486 15
485 673 29
486 485 15
486 487 62
486 488 29
487 119 10
487 486 62
487 581 41
488 486 29
488 600 146
488 673 19
489 192 113
489 695 13
490 685 7
490 690 30
490 696 97
491 492 132
491 493 32
491 495 30
492 37 50
492 491 132
493 111 22
493 491 32
493 494 106
494 493 106
495 491 30
495 496 117
495 497 27
496 495 117
497 91 25
497 495 27
497 498 145
498 492 64
498 497 145
499 525 46
499 638 43
500 101 11
500 539 230
501 73 28
501 639 37
502 54 105
502 646 34
502 664 22
503 147 12
503 687 534
504 94 36
504 166 374
504 232 48
505 506 33
506 505 33
506 508 37
507 508 60
507 509 30
508 506 37
508 507 60
508 510 32
509 507 30
509 510 63
509 511 37
510 508 32
510 509 63
510 512 36
511 509 37
511 512 66
511 514 31
512 510 36
512 511 66
512 515 31
513 662 36
514 511 31
514 515 70
514 516 32
515 512 31
515 514 70
515 517 33
516 514 32
516 517 74
516 518 37
517 515 33
517 516 74
517 519 37
518 516 37
518 519 78
518 520 32
519 517 37
519 518 78
519 521 28
520 518 32
520 521 82
520 522 32
521 519 28
521 520 82
521 523 38
522 520 32
522 523 86
523 167 9
523 521 38
523 602 215
524 235 11
524 561 159
525 73 29
525 499 46
526 89 99
526 409 33
526 527 90
527 407 31
527 455 101
527 526 90
528 537 153
528 637 18
528 638 184
529 264 20
529 408 63
529 425 26
530 245 28
530 395 42
530 408 109
531 415 49
531 429 34
531 532 109
532 405 43
532 462 6
532 531 109
533 458 29
533 459 80
533 461 27
534 443 24
534 444 28
534 456 97
535 536 55
535 537 62
535 542 18
536 535 55
536 537 108
536 542 112
536 609 40
537 528 153
537 535 62
537 536 108
538 21 32
538 110 42
538 265 72
539 332 30
539 350 138
539 500 230
540 75 22
540 348 56
540 600 28
541 176 38
541 554 35
542 272 85
542 535 18
542 536 112
543 24 100
544 26 12
544 269 433
544 543 103
545 270 19
545 289 23
546 282 5
546 547 70
546 551 27
547 546 70
547 548 26
547 683 29
548 381 28
548 547 26
548 551 72
549 35 172
549 52 58
549 473 49
550 33 12
550 365 177
551 280 43
551 379 32
551 546 27
551 548 72
552 441 259
552 555 171
553 618 26
553 678 19
554 94 86
554 541 35
555 145 44
555 552 171
555 557 184
555 562 55
556 154 67
556 389 41
557 555 184
557 559 180
557 563 57
558 183 40
558 193 51
559 144 44
559 372 22
559 557 180
560 94 62
560 231 86
560 674 7
561 331 9
562 266 192
562 555 55
562 563 183
563 268 87
563 557 57
563 562 183
564 8 76
564 12 29
564 441 78
565 567 73
565 594 151
566 246 9
566 247 31
567 569 92
567 584 77
568 569 54
569 567 92
569 568 54
569 572 41
570 247 5
570 573 36
571 573 57
572 256 23
572 569 41
572 585 18
573 570 36
573 571 57
573 576 27
574 576 45
575 578 39
576 30 12
576 573 27
576 574 45
577 579 42
578 256 32
578 575 39
578 579 32
578 588 37
579 577 42
579 578 32
579 580 41
579 590 56
580 30 63
580 253 17
580 579 41
581 487 41
581 598 136
581 690 3
582 52 137
582 652 34
583 388 16
583 396 33
583 398 178
584 585 116
584 587 20
585 256 15
585 572 18
585 584 116
585 586 13
586 585 13
586 587 124
586 588 18
587 586 124
587 589 22
588 578 37
588 586 18
588 589 134
588 590 14
589 588 134
589 591 17
590 579 56
590 588 14
590 591 141
590 592 172
591 590 141
591 592 21
592 184 45
592 590 172
593 594 38
594 566 83
594 593 38
595 11 135
595 596 114
595 658 36
596 227 16
596 595 114
596 669 69
597 598 124
597 669 274
597 696 123
598 452 48
598 581 136
598 597 124
599 600 24
600 488 146
600 540 28
600 599 24
601 332 60
602 397 51
603 201 226
603 665 113
604 11 180
604 29 226
604 605 133
605 604 133
605 661 183
605 662 228
606 607 9
607 606 9
607 625 9
608 180 234
609 214 39
609 536 40
610 33 133
610 611 17
610 618 53
610 676 31
611 31 60
611 610 17
612 155 189
612 403 113
613 402 121
614 613 26
614 616 17
615 4 66
616 41 18
616 621 40
617 615 39
617 616 11
618 251 41
618 553 26
618 610 53
619 252 21
619 676 26
620 615 58
620 617 35
621 477 238
622 247 82
622 249 30
623 327 53
624 248 18
625 624 33
626 327 6
626 648 27
627 386 57
628 204 26
628 483 112
628 630 63
629 49 52
629 468 34
629 474 23
630 482 27
630 628 63
630 631 172
631 156 55
631 478 31
631 630 172
632 225 75
632 457 18
632 469 13
633 320 19
633 635 75
633 697 35
634 468 106
634 479 25
634 481 59
635 633 75
635 636 63
635 698 32
636 7 62
636 269 175
636 635 63
637 528 18
637 608 50
638 213 26
638 499 43
638 528 184
639 67 28
639 501 37
640 66 21
640 67 34
640 644 115
641 329 37
641 645 31
641 647 156
642 186 54
642 644 32
643 186 8
644 640 115
644 642 32
645 641 31
645 648 35
645 650 157
646 51 38
646 502 34
646 647 118
647 54 34
647 641 156
647 646 118
647 650 36
648 626 27
648 645 35
648 652 158
649 352 57
649 651 72
649 684 15
650 51 127
650 645 157
650 647 36
650 652 34
651 353 35
651 384 61
651 649 72
652 582 34
652 648 158
652 650 34
652 653 132
653 51 35
653 52 37
653 652 132
654 14 38
654 655 29
655 654 29
655 656 20
656 10 6
656 655 20
657 659 16
657 660 217
658 194 106
658 337 31
658 595 36
659 174 210
660 169 15
660 172 8
660 657 217
661 11 137
661 605 183
662 29 136
662 605 228
663 150 85
663 343 20
663 359 19
664 35 58
664 58 47
664 60 105
664 502 22
665 90 93
665 196 114
666 5 11
666 299 73
666 667 62
667 666 62
667 670 6
667 671 71
668 304 21
668 670 61
668 671 19
669 452 130
669 596 69
669 597 274
670 302 10
670 667 6
670 668 61
671 667 71
671 668 19
671 680 7
672 32 279
673 120 95
673 485 29
673 488 19
674 57 164
674 560 7
675 90 96
675 672 20
676 250 6
676 610 31
676 619 26
677 192 7
677 218 29
678 553 19
678 611 79
679 139 24
679 208 88
679 217 76
680 299 129
680 313 215
680 671 7
681 682 174
682 282 23
682 300 17
682 681 174
683 286 42
683 300 50
683 547 29
684 377 30
684 385 52
684 649 15
685 108 73
685 126 77
685 490 7
686 143 65
687 144 6
688 159 74
688 689 65
688 691 139
689 58 30
689 688 65
689 692 92
690 119 46
690 490 30
690 581 3
691 688 139
691 692 68
692 54 68
692 60 23
692 689 92
692 691 68
693 13 31
693 325 65
694 325 35
694 697 31
695 220 23
695 489 13
696 123 24
696 490 97
696 597 123
697 633 35
697 694 31
697 698 63
698 7 36
698 635 32
698 697 63
699 167 211
699 602 14
700 703 46
701 700 22
702 13 37
703 702 24
39
129
471
556
662
