131 329 77 59 10
1 98 92
1 131 51
2 115 51
2 131 98
3 4 81
3 19 23
4 3 81
4 26 97
4 46 24
5 19 136
5 118 72
5 119 76
6 64 10
6 81 35
7 121 9
8 79 201
8 123 52
9 15 29
9 24 31
9 57 58
10 17 47
10 127 131
11 92 40
11 126 39
11 130 78
12 49 28
12 51 20
13 58 109
14 102 137
15 9 29
15 62 69
16 17 89
16 48 31
16 53 82
16 120 43
17 10 47
17 16 89
18 115 38
19 3 23
19 5 136
19 47 91
20 62 28
21 29 58
21 50 16
21 51 13
22 62 38
23 24 58
23 57 28
23 99 29
24 9 31
24 23 58
24 104 29
25 34 58
25 65 57
26 4 97
26 36 49
26 109 151
26 118 51
27 90 42
27 97 91
28 37 49
28 63 53
28 109 9
29 31 45
29 33 53
30 25 160
30 32 63
31 29 45
32 30 63
32 34 160
32 37 52
33 13 100
33 35 44
34 25 58
34 32 160
34 39 22
35 31 53
35 33 44
36 26 49
36 37 159
36 39 31
37 28 49
37 32 52
37 36 159
38 40 168
38 102 32
38 103 32
39 34 22
39 36 31
39 41 49
40 38 168
40 72 151
40 73 36
40 74 27
41 39 49
41 65 80
41 118 81
42 83 9
42 84 50
42 89 59
43 66 30
43 86 32
43 89 31
44 56 87
45 66 28
45 83 24
45 89 30
46 4 24
46 109 176
46 117 119
47 19 91
47 48 30
48 16 31
48 47 30
49 12 28
49 50 21
49 55 127
50 21 16
50 49 21
50 94 85
51 13 214
51 21 13
52 97 34
52 111 60
52 112 90
53 16 82
53 55 86
53 119 87
54 59 43
54 60 87
54 99 46
55 49 127
55 53 86
55 56 25
55 119 43
56 44 87
56 55 25
56 130 32
57 9 58
57 23 28
57 62 37
58 88 18
59 54 43
59 88 184
59 125 26
60 54 87
60 61 39
60 104 15
61 60 39
62 15 69
62 20 28
62 22 38
62 57 37
63 28 53
63 98 37
63 131 5
64 6 10
64 30 59
64 116 88
65 12 254
65 41 80
66 43 30
66 45 28
67 68 52
67 105 27
68 67 52
68 70 28
68 96 27
69 70 63
69 90 65
70 68 28
70 69 63
70 107 65
71 72 67
71 74 55
71 107 66
72 40 151
72 71 67
72 90 65
73 40 36
73 121 150
74 40 27
74 71 55
74 77 45
75 79 9
75 113 190
76 14 67
76 86 104
77 74 45
77 80 57
77 108 65
78 95 25
78 105 45
79 7 7
79 75 9
79 122 51
80 77 57
80 84 59
80 103 64
81 82 53
81 85 71
82 81 53
82 87 73
83 42 9
83 45 24
84 42 50
84 80 59
85 8 20
85 87 52
86 43 32
86 76 104
86 103 47
87 82 73
87 85 52
87 123 19
88 58 18
88 59 184
88 93 153
89 42 59
89 43 31
89 45 30
90 27 42
90 69 65
90 72 65
91 92 55
91 93 62
91 94 18
92 11 40
92 91 55
92 93 108
92 94 112
93 88 153
93 91 62
93 92 108
94 50 85
94 91 18
94 92 112
95 78 25
95 108 95
96 68 27
96 105 50
96 106 72
97 27 91
97 52 34
97 101 27
98 1 92
98 63 37
98 116 39
99 23 29
99 54 46
99 104 59
100 101 156
100 110 65
101 97 27
101 100 156
102 38 32
102 73 169
103 38 32
103 80 64
103 86 47
104 24 29
104 60 15
104 99 59
105 67 27
105 78 45
105 96 50
106 96 72
106 107 50
106 108 51
107 70 65
107 71 66
107 106 50
108 77 65
108 95 95
108 106 51
109 26 151
109 28 9
109 46 176
110 100 65
110 112 67
110 116 78
111 52 60
112 52 90
112 110 67
112 113 92
113 64 137
113 112 92
114 115 100
114 117 11
115 2 51
115 18 38
115 114 100
116 64 88
116 98 39
116 110 78
117 46 119
117 114 11
118 5 72
118 26 51
118 41 81
119 5 76
119 53 87
119 55 43
120 16 43
121 75 7
122 123 201
123 8 52
123 87 19
123 122 201
124 125 134
125 59 26
125 124 134
125 126 39
126 11 39
126 125 39
126 127 46
127 10 131
127 126 46
127 128 111
128 127 111
128 129 37
128 130 37
129 128 37
130 11 78
130 56 32
130 128 37
131 1 51
131 2 98
131 63 5
12 69
20 101
25 45
33 104
40 109
41 58
50 63
66 117
79 88
89 124
