160 411 52 21 2
1 2 71
1 152 20
1 156 33
2 1 71
2 7 36
2 157 11
3 110 93
4 29 147
4 131 32
4 156 94
5 27 80
5 56 2
6 27 4
7 2 36
7 87 39
7 147 70
8 71 80
8 144 57
8 155 187
9 41 146
9 77 44
9 141 45
10 12 35
10 111 40
10 125 47
10 142 145
11 12 145
11 14 38
11 142 35
12 10 35
12 11 145
12 13 34
13 12 34
13 14 145
13 15 38
14 11 38
14 13 145
14 138 33
15 13 38
15 16 35
15 138 144
16 15 35
16 17 36
16 134 143
17 16 36
17 72 35
17 132 142
18 45 24
18 54 135
18 63 8
19 20 55
20 19 55
20 55 36
20 111 109
21 22 32
22 21 32
22 71 73
23 42 73
23 43 81
23 51 132
24 28 36
24 55 109
24 111 36
25 144 3
26 3 43
26 93 43
27 5 80
27 6 4
28 24 36
28 59 106
29 4 147
29 72 142
29 132 33
30 31 36
31 30 36
31 32 2
32 31 2
32 33 44
32 34 47
33 32 44
34 32 47
34 61 36
34 68 167
35 38 52
35 41 72
35 125 72
36 64 167
36 139 91
36 151 46
37 73 36
37 75 123
38 35 52
38 39 133
38 47 39
39 38 133
39 40 36
39 158 108
40 39 36
40 42 69
40 57 51
41 9 146
41 35 72
41 142 44
42 23 73
42 40 69
42 73 51
43 23 81
43 44 37
43 75 48
44 43 37
44 46 133
44 84 55
45 18 24
45 46 51
45 88 69
46 44 133
46 45 51
46 53 54
47 38 39
47 48 29
47 57 75
48 47 29
48 49 37
48 58 77
49 48 37
49 50 35
49 60 79
50 49 35
50 51 38
50 54 48
50 60 111
51 23 132
51 50 38
51 52 31
52 51 31
52 53 33
52 62 77
53 46 54
53 52 33
53 70 67
54 18 135
54 50 48
54 125 70
55 20 36
55 24 109
56 5 2
56 61 180
56 72 43
57 40 51
57 47 75
57 58 31
58 48 77
58 57 31
58 60 37
59 28 106
59 102 37
60 49 79
60 50 111
60 58 37
61 34 36
61 56 180
62 52 77
63 18 8
64 36 167
64 122 24
65 66 34
66 65 34
66 67 34
67 66 34
67 68 47
67 69 71
68 34 167
68 67 47
68 151 7
69 67 71
70 53 67
71 8 80
71 22 73
71 137 117
72 17 35
72 29 142
72 56 43
72 102 43
73 37 36
73 42 51
73 76 33
74 137 86
74 155 121
75 37 123
75 43 48
76 73 33
77 9 44
77 78 55
77 80 32
78 77 55
78 101 50
78 112 23
79 83 59
80 77 32
80 82 64
80 85 77
81 135 11
81 136 8
81 139 55
81 143 82
82 80 64
82 87 49
82 121 53
83 8 33
83 79 59
84 44 55
84 117 138
85 94 107
85 115 16
86 153 22
87 7 39
87 82 49
87 146 63
88 45 69
89 90 33
89 99 107
89 100 142
90 89 33
90 91 31
90 98 107
91 90 31
91 92 36
91 97 107
92 91 36
92 93 40
92 96 107
93 26 43
93 92 40
93 95 108
94 100 40
94 113 98
95 93 108
95 96 37
95 106 139
96 92 107
96 95 37
96 97 34
96 106 112
97 91 107
97 96 34
97 98 33
97 108 27
98 90 107
98 97 33
98 99 35
99 89 107
99 98 35
99 100 35
99 107 28
100 89 142
100 94 40
100 99 35
100 101 144
101 78 50
101 100 144
101 103 42
102 59 37
102 72 43
103 101 42
103 104 39
103 107 108
104 103 39
104 105 37
104 109 101
105 104 37
105 106 37
105 108 92
106 95 139
106 96 112
106 105 37
107 99 28
107 103 108
107 109 34
108 97 27
108 105 92
108 109 35
109 104 101
109 107 34
109 108 35
110 86 88
111 10 40
111 20 109
111 24 36
112 78 23
113 86 57
113 114 21
114 113 21
115 85 16
116 160 8
117 88 41
118 121 15
119 148 43
119 159 167
120 150 40
121 82 53
121 118 15
121 139 107
122 64 24
123 149 82
123 155 11
124 129 108
124 146 33
124 147 3
125 10 47
125 35 72
125 54 70
126 129 35
126 130 35
126 138 38
126 140 108
127 128 35
127 141 107
127 142 39
128 127 35
128 129 36
128 146 107
129 124 108
129 126 35
129 128 36
130 126 35
130 133 108
130 134 39
131 4 32
131 132 147
131 133 36
131 152 69
132 17 142
132 29 33
132 131 147
132 134 36
133 130 108
133 131 36
133 140 35
133 154 68
134 16 143
134 130 39
134 132 36
134 138 35
135 81 11
136 81 8
137 71 117
137 74 86
137 150 48
138 14 33
138 15 144
138 126 38
138 134 35
139 36 91
139 81 55
139 121 107
140 126 108
140 133 35
140 147 33
140 157 66
141 9 45
141 127 107
141 146 36
142 10 145
142 11 35
142 41 44
142 127 39
143 81 82
143 144 103
143 145 11
144 8 57
144 25 3
144 143 103
145 143 11
146 87 63
146 124 33
146 128 107
146 141 36
147 7 70
147 124 3
147 140 33
148 119 43
148 159 161
149 123 82
150 120 40
150 137 48
151 36 46
151 68 7
151 156 54
152 1 20
152 131 69
152 154 36
153 159 21
153 160 89
154 133 68
154 152 36
154 157 33
155 8 187
155 74 121
155 123 11
156 1 33
156 4 94
156 151 54
157 2 11
157 140 66
157 154 33
158 39 108
159 119 167
159 148 161
159 153 21
160 83 127
160 116 8
41
121
