288 630 109 7 17
1 57 36
1 63 35
1 65 109
2 4 11
2 117 14
2 224 57
3 45 24
4 2 11
5 150 37
6 186 33
7 9 93
8 166 93
9 7 93
9 123 76
9 224 98
10 219 66
10 266 21
11 32 41
12 264 58
13 53 58
14 12 11
14 253 14
15 136 134
15 147 40
15 270 29
16 226 19
17 249 29
18 122 2
19 70 35
19 198 17
19 231 6
20 14 152
21 82 117
21 143 36
21 144 5
22 24 71
22 215 181
22 234 4
23 229 207
24 22 71
25 158 4
26 98 146
26 152 44
26 255 45
27 157 67
27 170 93
27 179 128
28 54 148
29 94 106
30 31 81
30 32 28
30 279 47
31 30 81
31 45 160
31 97 39
32 11 41
32 30 28
32 67 81
33 97 21
34 36 35
34 200 40
34 236 47
34 256 145
35 36 145
35 39 38
35 256 35
36 34 35
36 35 145
36 37 34
37 36 34
37 39 145
37 40 38
38 217 86
39 35 38
39 37 145
39 250 33
40 37 38
40 41 35
40 250 144
41 40 35
41 43 36
41 248 143
42 145 4
42 171 10
42 178 36
43 41 36
43 137 35
43 247 142
44 102 24
44 111 135
44 130 8
45 3 24
45 31 160
45 171 43
46 23 56
47 82 57
47 83 45
47 148 111
48 54 15
49 159 54
49 192 32
50 57 55
51 66 16
51 77 44
51 221 85
52 53 27
52 77 31
52 173 37
53 13 58
53 52 27
53 55 51
54 28 148
54 48 15
54 56 18
55 53 51
55 59 117
55 193 54
56 54 18
56 94 4
56 273 21
57 1 36
57 50 55
57 200 109
58 181 3
58 185 35
58 191 42
59 55 117
59 191 40
59 287 4
60 67 164
60 156 115
60 284 26
61 99 73
61 100 81
61 108 132
62 222 35
63 1 35
63 73 112
64 154 55
65 1 109
65 73 36
65 200 36
66 51 16
66 68 32
66 222 52
67 32 81
67 60 164
67 77 135
68 66 32
68 156 42
68 232 67
69 70 104
69 244 57
69 249 99
70 19 35
70 69 104
70 257 6
71 72 89
71 225 72
72 194 708
72 277 18
73 63 112
73 65 36
73 120 106
74 137 142
74 247 33
75 76 64
76 75 64
76 191 165
77 51 44
77 52 31
77 67 135
78 85 117
78 87 20
78 128 106
79 80 67
80 79 67
80 115 25
80 186 181
81 90 52
81 98 72
81 236 72
82 21 117
82 47 57
82 144 134
83 47 45
83 165 115
84 115 68
85 78 117
85 124 13
86 140 57
86 275 19
87 78 20
87 179 182
87 187 86
88 133 52
88 151 67
89 139 36
89 143 35
89 148 123
90 81 52
90 93 133
90 104 39
91 155 31
91 196 66
91 224 10
92 188 8
92 263 61
93 90 133
93 96 36
93 282 108
94 29 106
94 56 4
94 113 57
95 125 43
96 93 36
96 99 69
96 114 51
97 31 39
97 33 21
97 125 46
97 178 120
98 26 146
98 81 72
98 256 44
99 61 73
99 96 69
99 139 51
100 61 81
100 101 37
100 148 48
101 100 37
101 103 133
101 165 55
102 44 24
102 103 51
102 177 69
103 101 133
103 102 51
103 110 54
104 90 39
104 105 29
104 114 75
105 104 29
105 106 37
105 116 77
106 105 37
106 107 35
106 121 79
107 106 35
107 108 38
107 111 48
107 121 111
108 61 132
108 107 38
108 109 31
109 108 31
109 110 33
109 129 77
110 103 54
110 109 33
110 134 67
111 44 135
111 107 48
111 236 70
112 283 111
113 94 57
114 96 51
114 104 75
114 116 31
115 80 25
115 84 68
115 133 159
115 268 42
116 105 77
116 114 31
116 121 37
117 2 14
117 123 101
117 132 39
118 119 15
119 118 15
119 182 40
119 221 52
120 73 106
120 189 37
121 106 79
121 107 111
121 116 37
122 18 2
122 137 43
123 9 76
123 117 101
123 125 37
124 64 9
124 85 13
125 95 43
125 97 46
125 123 37
125 132 109
126 138 72
127 252 14
128 78 106
128 85 193
128 161 68
129 109 77
130 44 8
131 246 19
132 117 39
132 125 109
132 178 38
133 115 159
134 110 67
135 225 49
136 15 134
136 272 89
137 43 35
137 74 142
137 122 43
137 189 43
138 126 72
138 147 42
138 209 85
139 89 36
139 99 51
139 140 119
139 149 33
140 86 57
140 139 119
140 142 24
141 142 132
142 140 24
142 141 132
142 144 34
143 21 36
143 89 35
143 146 115
144 21 5
144 82 134
144 142 34
145 42 4
146 143 115
147 15 40
147 138 42
148 47 111
148 89 123
148 100 48
149 139 33
149 150 160
149 174 39
150 5 37
150 149 160
150 172 38
151 88 67
151 208 113
151 265 7
152 26 44
152 153 55
152 160 32
153 152 55
153 202 23
154 46 224
154 170 272
155 91 31
155 195 29
155 287 37
156 60 115
156 68 42
157 27 67
157 159 66
157 170 13
158 204 89
159 49 54
159 157 66
159 215 299
159 217 168
160 152 32
160 163 64
161 128 68
162 164 31
162 276 163
163 160 64
164 162 31
164 237 38
165 101 55
165 207 138
166 214 62
167 168 22
168 167 22
168 252 45
169 178 9
170 27 93
170 154 272
170 157 13
171 42 10
171 45 43
171 176 30
172 150 38
172 174 160
172 175 196
173 52 37
174 149 39
174 172 160
174 175 28
175 172 196
175 174 28
175 201 39
176 171 30
176 209 67
176 210 87
177 102 69
178 42 36
178 97 120
178 132 38
178 169 9
179 27 128
179 87 182
179 217 77
180 246 67
180 249 3
181 58 3
181 198 57
181 288 14
182 119 40
182 190 70
182 193 97
183 221 32
184 186 97
185 58 35
186 6 33
186 80 181
186 184 97
186 269 30
187 87 86
187 124 74
188 92 8
189 120 37
189 137 43
190 182 70
190 243 64
191 58 42
191 59 40
191 76 165
192 49 32
193 55 54
193 182 97
193 203 38
194 206 16
195 155 29
196 91 66
197 245 14
198 19 17
198 181 57
198 203 96
199 246 9
200 34 40
200 57 109
200 65 36
201 175 39
202 153 23
203 193 38
203 198 96
203 243 108
204 8 210
204 207 876
205 136 79
206 197 140
207 177 41
208 151 113
208 205 6
208 210 21
209 138 85
209 176 67
209 211 23
210 176 87
210 205 23
211 209 23
212 71 342
212 217 79
213 219 156
214 223 9
215 22 181
215 159 299
215 227 264
216 228 94
217 38 86
217 159 168
217 179 77
217 212 79
218 244 26
219 10 66
219 20 93
220 260 30
221 51 85
221 119 52
221 183 32
222 62 35
222 66 52
222 232 57
223 72 85
223 135 41
224 2 57
224 9 98
224 91 10
225 187 6
226 16 19
226 230 36
226 269 59
227 215 264
227 216 37
228 226 37
228 230 44
229 216 34
229 227 26
230 271 15
231 19 6
232 68 67
232 222 57
233 241 108
233 259 33
233 267 3
234 22 4
235 258 17
236 34 47
236 81 72
236 111 70
237 164 38
238 241 35
238 242 35
238 250 38
239 240 35
239 255 107
239 256 39
240 239 35
240 241 36
240 259 107
241 233 108
241 238 35
241 240 36
242 238 35
242 248 39
243 190 64
243 203 108
243 244 45
244 69 57
244 218 26
244 243 45
245 86 290
246 131 19
246 180 67
246 199 9
247 43 142
247 74 33
247 248 36
248 41 143
248 242 39
248 247 36
248 250 35
249 17 29
249 69 99
249 180 3
250 39 33
250 40 144
250 238 38
250 248 35
251 264 9
252 127 14
252 235 64
253 212 496
254 12 14
254 253 10
255 26 45
255 239 107
255 259 36
256 34 145
256 35 35
256 98 44
256 239 39
257 70 6
258 254 218
259 233 33
259 240 107
259 255 36
260 83 65
261 262 20
262 168 38
262 261 20
263 220 4
263 277 41
264 251 9
264 262 9
265 151 7
266 10 21
267 233 3
268 115 42
268 208 13
269 186 30
270 15 29
270 276 15
271 25 236
272 270 21
273 56 21
273 274 15
274 268 177
274 272 14
275 92 189
275 277 244
276 162 163
276 273 18
277 263 41
277 278 90
278 71 17
278 112 229
279 30 47
279 281 20
279 285 140
280 285 32
281 279 20
282 93 108
283 213 95
284 60 26
284 285 89
285 279 140
285 280 32
285 284 89
286 287 2
287 59 4
287 155 37
287 286 2
288 181 14
7
19
38
56
60
81
88
91
92
107
165
196
197
209
216
252
283
