72 198 28 39 7
1 4 33
1 6 36
1 31 147
1 55 142
2 45 20
2 57 33
2 71 71
3 12 35
3 31 36
3 46 68
3 68 108
4 1 33
4 32 147
5 39 39
5 60 63
5 72 49
6 1 36
6 9 35
6 54 143
6 68 39
7 70 36
8 13 52
8 18 72
8 63 72
9 6 35
9 51 33
9 52 144
9 64 38
10 21 69
11 53 107
12 3 35
12 35 33
12 58 66
12 64 108
13 8 52
13 15 133
13 23 39
14 43 45
14 60 36
14 65 107
15 13 133
15 17 36
16 18 44
16 47 145
16 48 35
16 65 39
17 15 36
17 33 51
18 8 72
18 16 44
18 43 146
19 62 50
20 27 132
21 10 69
21 22 51
21 56 24
22 21 51
22 29 54
23 13 39
23 24 29
23 33 75
24 23 29
24 25 37
24 34 77
25 24 37
25 26 35
25 37 79
26 25 35
26 27 38
26 30 48
26 37 111
27 20 132
27 26 38
27 28 31
28 27 31
28 29 33
28 40 77
29 22 54
29 28 33
29 44 67
30 26 48
30 56 135
30 63 70
31 1 147
31 3 36
31 32 32
31 45 69
32 4 147
32 31 32
32 57 94
33 17 51
33 23 75
33 34 31
34 24 77
34 33 31
34 37 37
35 12 33
35 39 70
35 59 3
36 47 40
36 70 36
37 25 79
37 26 111
37 34 37
38 62 23
39 5 39
39 35 70
39 71 36
40 28 77
41 56 8
42 53 15
43 14 45
43 18 146
43 61 44
44 29 67
45 2 20
45 31 69
45 46 36
46 3 68
46 45 36
46 58 33
47 16 145
47 36 40
47 49 35
47 63 47
48 16 35
48 49 145
48 51 38
49 47 35
49 48 145
49 50 34
50 49 34
50 51 145
50 52 38
51 9 33
51 48 38
51 50 145
52 9 144
52 50 38
52 54 35
53 11 107
53 42 15
53 72 53
54 6 143
54 52 35
54 55 36
55 1 142
55 54 36
56 21 24
56 30 135
56 41 8
57 2 33
57 32 94
58 12 66
58 46 33
58 71 11
59 35 3
59 60 33
59 67 108
60 5 63
60 14 36
60 59 33
60 66 107
61 43 44
61 62 55
61 69 32
62 19 50
62 38 23
62 61 55
63 8 72
63 30 70
63 47 47
64 9 38
64 12 108
64 67 35
64 68 35
65 14 107
65 16 39
65 66 35
66 60 107
66 65 35
66 67 36
67 59 108
67 64 35
67 66 36
68 3 108
68 6 39
68 64 35
69 61 32
69 72 64
70 7 36
70 36 36
71 2 71
71 39 36
71 58 11
72 5 49
72 53 53
72 69 64
3 39
6 27
7 67
18 38
20 52
22 64
37 57
