510 1045 400 215 2
1 113 88
1 316 26
2 5 35
2 439 9
3 344 1106
4 17 56
4 174 28
4 192 249
5 439 36
6 141 62
6 243 31
7 117 173
7 146 61
7 499 7
8 140 39
8 227 26
9 16 6
9 196 19
9 391 30
10 124 38
10 132 7
10 187 41
11 131 12
11 304 93
12 305 190
12 399 70
12 422 195
13 243 21
14 29 204
14 182 32
14 480 57
15 15 38
15 220 67
16 9 6
16 225 129
17 4 56
17 192 383
17 503 160
18 220 30
19 150 442
19 179 147
19 246 41
20 161 8
21 35 207
21 255 34
22 97 455
23 479 42
23 480 6
24 81 48
24 180 51
25 183 38
25 251 46
25 431 7
26 101 46
26 180 33
26 186 62
27 28 28
27 138 92
27 424 24
28 27 28
28 272 100
28 424 23
29 14 204
29 166 165
29 235 74
29 322 57
30 100 49
31 306 107
32 36 156
32 109 132
32 416 22
33 33 129
33 36 72
34 43 96
35 157 138
35 378 100
35 468 63
36 32 156
36 33 72
36 42 39
37 50 30
38 169 46
38 189 65
39 252 19
40 42 22
40 48 18
41 240 58
42 36 39
42 40 22
42 340 157
43 34 96
43 162 231
43 461 79
44 66 11
44 147 196
44 168 45
45 2 20
45 410 147
46 189 37
46 320 47
47 198 59
47 428 20
47 496 53
48 40 18
48 51 61
48 61 37
49 199 64
49 478 171
49 486 66
50 37 30
50 40 69
50 51 15
51 50 15
51 55 16
52 50 27
52 55 6
53 292 13
53 450 158
54 284 22
55 52 6
55 136 34
56 231 69
56 460 474
57 85 68
57 356 40
58 160 19
59 52 46
59 64 11
60 54 202
60 62 110
61 48 37
62 54 95
62 424 46
63 64 15
63 136 13
64 59 11
65 184 145
65 500 270
66 44 11
66 76 9
66 492 241
67 125 59
67 454 19
68 265 312
68 495 38
68 496 170
69 70 11
69 126 458
70 69 11
70 78 126
71 160 18
72 413 81
73 259 14
73 408 87
74 7 13
74 72 15
74 291 181
75 308 30
75 312 32
75 477 38
76 60 27
76 66 9
76 390 179
77 236 94
77 238 16
78 298 35
79 246 351
79 394 119
80 401 242
81 104 14
81 263 156
82 330 60
82 431 46
83 158 40
83 364 32
84 460 73
85 195 87
85 501 11
86 440 141
87 208 279
87 458 12
88 87 55
88 335 39
89 293 33
89 437 100
90 208 13
90 458 285
91 223 35
92 207 35
92 331 42
92 447 42
93 215 13
93 233 138
93 475 5
94 313 30
94 339 33
94 470 30
95 245 18
95 507 15
95 508 11
96 487 22
97 22 455
97 130 10
97 276 1105
98 435 144
99 354 24
99 432 29
99 484 50
100 30 49
100 211 140
100 327 62
101 26 46
101 252 60
101 295 116
102 243 51
103 190 484
103 405 12
104 445 181
104 488 14
105 106 5
105 109 23
106 107 6
106 114 29
107 108 5
107 111 21
108 105 6
108 112 33
109 32 132
109 106 23
110 133 50
110 306 455
111 108 21
111 219 162
112 105 33
112 264 30
113 1 88
113 157 67
113 468 139
114 107 29
114 315 33
115 170 6
116 11 114
116 198 10
117 499 167
118 470 16
119 416 26
120 372 27
120 414 72
121 188 53
122 157 57
122 357 214
122 454 35
123 241 28
124 10 38
125 67 59
125 294 144
125 370 35
126 23 92
126 481 10
127 256 18
127 510 240
128 421 15
129 199 176
129 422 63
129 478 66
130 97 10
130 326 14
130 332 10
131 11 12
131 198 105
132 10 7
133 134 19
134 286 44
135 192 157
135 303 59
136 63 13
137 209 38
137 428 34
138 27 92
139 90 53
139 320 130
140 8 39
140 412 31
141 154 114
141 219 65
142 142 334
142 205 58
143 493 78
144 266 88
144 338 111
145 240 13
145 288 99
146 7 61
146 497 25
147 44 196
147 444 71
148 185 67
149 282 27
149 367 33
149 465 21
150 19 442
150 246 77
151 97 530
151 153 29
152 77 13
152 462 91
153 326 498
153 333 24
153 492 45
154 141 114
154 178 252
154 443 25
155 283 12
155 389 175
156 181 67
156 214 54
157 35 138
157 113 67
157 122 57
157 485 116
158 56 254
159 254 62
159 294 39
160 58 19
160 71 18
160 290 22
161 20 8
161 273 160
162 43 231
162 385 93
162 466 83
163 210 63
163 211 293
163 322 88
164 251 22
165 171 137
165 203 36
165 420 199
166 29 165
166 194 56
166 235 93
167 352 12
168 404 40
169 38 46
170 115 6
170 214 87
171 165 137
171 212 56
171 229 117
172 203 137
172 500 62
173 281 19
173 376 812
174 4 28
174 235 60
174 307 150
174 479 93
175 364 76
176 175 34
176 177 28
177 175 25
177 438 34
178 469 26
178 498 30
179 19 147
179 371 33
180 24 51
180 26 33
180 464 72
181 156 67
181 214 209
182 14 32
182 275 142
182 449 32
183 25 38
183 185 47
183 251 44
184 65 145
184 203 51
184 483 40
185 148 67
185 183 47
185 186 7
186 26 62
186 185 7
186 252 56
187 10 41
187 324 13
187 461 76
188 395 85
188 411 28
188 474 39
189 38 65
189 46 37
190 128 26
190 287 42
191 202 57
191 204 77
191 361 31
192 4 249
192 17 383
192 135 157
193 6 82
193 505 64
194 166 56
194 210 133
194 307 59
195 490 274
195 501 87
196 9 19
196 310 42
196 450 224
197 441 30
198 47 59
198 116 10
198 309 83
199 49 64
199 129 176
199 378 67
200 69 127
200 78 22
201 90 10
201 139 50
202 191 57
202 354 23
203 165 36
203 172 137
203 184 51
203 307 80
204 191 77
205 142 58
205 309 28
205 328 62
206 391 109
206 448 25
206 472 16
207 92 35
208 53 327
208 201 13
209 137 38
209 374 81
209 428 33
210 163 63
210 194 133
210 211 337
211 100 140
211 163 293
211 210 337
212 171 56
212 420 273
213 445 14
213 488 182
214 156 54
214 170 87
214 181 209
214 503 82
215 93 13
215 220 14
215 315 104
216 3 656
217 310 34
218 437 81
218 459 31
219 111 162
219 141 65
219 301 92
220 15 67
220 18 30
220 215 14
221 324 66
222 426 17
222 477 71
223 91 35
223 226 49
223 296 40
224 427 77
224 493 47
224 503 39
225 244 14
225 302 69
225 435 133
226 223 49
227 8 26
228 385 65
229 171 117
230 256 256
230 473 11
231 56 69
231 336 14
231 443 18
232 93 33
232 315 48
233 70 458
233 126 20
234 76 42
234 168 43
235 29 74
235 166 93
235 174 60
236 277 114
236 317 117
237 407 17
238 152 15
238 362 135
239 409 50
240 41 58
240 145 13
240 271 152
241 123 28
241 269 64
241 305 85
242 253 66
242 436 14
243 6 31
243 13 21
243 102 51
244 16 137
244 225 14
245 95 18
246 19 41
246 79 351
246 150 77
247 230 39
248 418 263
249 269 90
250 239 72
250 325 9
251 25 46
251 164 22
251 183 44
252 39 19
252 101 60
252 186 56
253 281 763
254 159 62
254 314 132
255 21 34
255 486 24
255 504 39
256 452 7
257 290 126
257 335 66
257 412 36
258 340 222
258 429 43
259 73 14
260 86 105
261 437 42
262 360 25
263 173 232
263 265 21
264 112 30
264 269 115
264 384 23
265 68 312
265 104 154
265 263 21
266 144 88
266 372 7
267 268 22
267 311 249
268 267 22
268 425 111
269 241 64
269 264 115
270 2 141
270 410 17
271 147 59
271 444 13
272 28 100
273 283 174
273 389 14
274 336 273
275 182 142
276 177 147
276 438 152
277 317 14
277 463 5
278 238 222
278 277 14
279 359 38
279 395 7
280 297 12
280 318 95
280 449 50
281 350 16
281 506 391
282 149 27
282 367 44
282 415 51
283 268 256
283 311 13
284 151 20
285 405 484
286 291 37
286 387 110
287 502 478
288 349 50
289 504 39
290 160 22
290 257 126
290 453 47
291 234 44
292 145 159
292 271 12
293 89 33
293 419 68
294 125 144
294 159 39
294 384 66
295 101 116
295 432 104
295 464 27
296 223 40
296 335 37
296 459 52
297 280 12
298 262 251
298 440 33
299 423 19
299 451 261
300 176 61
301 219 92
301 357 64
301 485 98
302 292 157
302 450 13
303 135 59
303 386 78
303 493 46
304 213 14
304 457 267
305 241 85
305 249 69
306 31 107
306 110 455
306 405 34
307 174 150
307 194 59
307 203 80
308 75 30
308 345 78
308 361 66
308 477 18
309 116 70
309 205 28
310 196 42
310 217 34
311 155 10
312 75 32
313 94 30
314 254 132
314 370 54
314 433 8
315 114 33
315 215 104
315 232 48
316 1 26
316 193 47
316 485 65
317 146 32
318 280 95
319 237 82
320 46 47
320 139 130
320 397 72
321 323 4
321 337 52
321 499 9
322 29 57
322 163 88
322 327 134
323 321 4
323 334 5
323 337 47
324 187 13
324 221 66
324 338 60
325 406 29
326 97 16
326 153 498
327 100 62
327 322 134
327 449 66
328 205 62
328 419 56
329 44 252
329 492 19
330 82 60
331 92 42
331 339 22
331 415 37
332 130 10
332 333 528
333 329 25
334 323 5
334 342 5
334 347 47
335 88 39
335 257 66
335 296 37
336 231 14
336 274 164
337 347 5
338 144 111
338 324 60
339 94 33
339 331 22
339 470 48
340 42 157
340 258 222
340 416 46
341 250 41
342 334 5
342 353 5
342 358 46
343 507 25
344 173 16
344 348 151
345 308 78
346 467 32
347 358 6
348 265 71
349 103 504
349 134 34
350 344 20
351 414 3
351 491 65
352 167 12
352 356 178
353 342 5
353 363 5
353 369 46
354 99 24
354 202 23
355 356 217
356 57 40
356 352 178
356 355 217
357 301 64
357 417 58
358 369 4
359 80 34
359 411 30
360 365 39
360 393 27
361 191 31
361 308 66
361 385 64
362 20 163
362 273 11
363 353 5
363 373 5
363 375 46
364 158 25
364 469 95
365 360 39
366 179 32
366 371 11
367 149 33
367 282 44
367 446 58
368 489 20
369 375 5
370 125 35
370 314 54
370 430 104
371 392 17
372 120 27
372 266 7
373 363 5
373 377 5
373 381 46
374 209 81
375 381 5
376 200 53
377 373 5
378 35 100
378 199 67
378 430 70
379 399 14
379 422 110
379 433 48
380 253 46
380 376 42
381 390 5
382 434 12
382 436 24
383 443 159
384 264 23
384 294 66
384 417 62
385 162 93
385 228 65
385 361 64
386 303 78
387 74 72
387 476 14
388 496 33
389 152 133
389 362 14
390 76 179
390 377 46
391 9 30
391 206 109
391 472 128
392 260 9
392 262 11
393 394 12
394 366 18
395 279 7
395 487 79
396 259 88
396 408 16
397 320 72
397 461 106
397 508 33
398 73 930
399 12 70
399 249 183
399 379 14
400 248 14
401 83 126
402 128 18
402 285 21
403 454 96
404 240 95
404 288 36
405 103 12
405 133 484
405 306 34
406 121 147
407 398 136
408 270 8
409 325 22
409 406 41
410 396 8
411 80 24
411 474 33
412 140 31
412 257 36
413 455 11
414 120 72
414 351 3
415 282 51
415 331 37
415 464 61
416 32 22
416 119 26
416 340 46
417 67 212
417 357 58
417 384 62
418 402 73
418 421 50
419 293 68
419 328 56
420 165 199
420 212 273
420 509 57
421 287 16
421 400 311
422 12 195
422 129 63
422 379 110
422 494 47
423 45 73
423 299 19
424 27 24
424 28 23
424 62 46
425 319 8
426 222 17
426 441 73
427 224 77
428 47 20
428 137 34
428 209 33
429 258 43
430 370 104
430 378 71
430 494 66
431 25 7
431 82 46
431 491 61
432 99 29
432 295 104
432 441 59
433 314 8
433 379 48
433 494 105
434 380 7
435 98 144
435 225 133
436 242 14
436 434 23
437 89 100
437 218 81
437 261 42
438 247 421
439 45 19
439 299 71
440 382 15
441 197 30
441 426 73
441 432 59
442 486 86
442 489 76
443 154 25
443 231 18
443 383 159
444 53 12
444 201 322
445 131 101
445 304 12
446 367 58
447 92 42
448 206 25
449 182 32
449 280 50
449 327 66
450 196 224
450 244 69
450 302 13
451 127 6
452 423 261
452 451 19
453 290 47
454 67 19
454 122 35
454 403 96
455 278 8
455 463 15
456 500 109
457 87 9
457 88 55
458 213 268
458 457 13
459 218 31
459 296 52
460 84 73
460 154 498
461 43 79
461 187 76
461 397 106
462 77 82
463 497 11
464 180 72
464 295 27
464 415 61
465 149 21
466 162 83
466 467 10
467 346 32
467 466 10
468 35 63
468 113 139
469 300 82
469 498 14
470 94 30
470 118 16
470 339 48
471 121 66
472 206 16
472 391 128
473 471 43
473 510 31
474 247 62
475 93 5
475 232 34
476 72 56
477 75 38
477 222 71
477 308 18
478 49 171
478 129 66
479 174 93
479 480 42
480 14 57
480 23 6
480 481 91
481 300 368
481 482 20
482 233 10
482 475 138
483 184 40
484 99 50
485 157 116
485 301 98
485 316 65
486 49 66
486 255 24
486 442 86
487 96 22
487 279 79
488 24 48
488 81 8
489 368 20
489 442 76
490 195 274
491 351 65
491 431 61
492 66 241
492 153 45
492 284 23
493 143 78
493 224 47
493 303 46
494 422 47
494 430 66
494 433 105
495 68 38
496 47 53
496 68 170
496 388 33
497 74 84
497 413 15
497 455 18
498 482 344
499 7 7
499 74 13
499 321 9
500 65 270
500 172 62
500 456 109
501 350 395
501 506 11
502 216 1432
503 17 160
503 214 82
503 224 39
504 255 39
504 289 39
505 193 64
506 57 68
506 85 8
507 95 15
507 343 25
507 508 8
508 95 11
508 397 33
508 507 8
509 420 57
510 341 105
510 471 27
54 60 134 215 248 284 291
93 133 151 276 364 402 482
