315 660 276 105 6
1 79 50
2 3 70
2 96 11
3 97 11
3 149 110
3 199 82
4 5 62
4 55 110
4 170 88
5 4 62
5 53 111
6 77 13
6 93 238
6 290 58
7 9 109
7 74 83
7 236 18
8 47 189
8 74 18
8 236 84
9 7 109
9 74 173
9 129 213
10 19 63
10 78 67
10 131 97
11 76 122
11 150 30
11 285 97
12 15 113
12 75 17
13 143 68
13 163 203
13 215 112
14 17 45
14 212 10
14 220 10
15 12 113
15 150 28
16 89 96
16 92 493
16 245 84
17 14 45
17 207 106
17 270 87
18 238 28
19 10 63
19 107 104
19 310 66
20 25 89
20 139 75
21 140 65
21 224 137
21 241 66
22 285 6
23 313 62
24 39 184
24 311 288
25 20 89
25 147 75
26 71 173
26 194 83
26 312 37
27 175 77
27 232 64
28 99 38
28 153 10
28 173 4
29 306 142
30 99 9
30 153 38
31 80 18
32 32 224
32 313 221
33 211 8
33 306 321
34 86 28
34 94 56
34 161 57
34 205 134
35 39 42
35 143 180
35 215 19
35 257 31
36 38 81
36 287 32
37 72 65
38 36 81
38 271 56
38 277 78
39 24 184
39 35 42
39 163 15
40 208 55
41 30 13
41 54 13
42 22 217
42 160 34
43 174 34
44 133 19
44 282 51
45 94 133
45 112 55
45 205 56
46 232 80
46 305 66
47 8 189
47 60 35
47 138 74
48 104 118
48 143 151
48 191 55
49 300 18
50 130 7
50 188 138
50 213 7
51 122 5
52 174 258
52 209 28
53 5 111
53 55 60
53 257 41
54 41 13
55 4 110
55 53 60
55 256 42
56 175 66
56 207 36
57 58 7
57 295 110
58 57 7
59 60 49
60 47 35
60 59 49
61 102 559
62 90 59
62 118 144
62 267 66
62 297 120
63 184 77
63 310 110
63 315 19
64 172 133
64 286 31
65 184 121
65 296 107
65 315 31
66 68 12
66 124 356
67 272 277
68 183 12
68 228 402
69 70 11
69 189 119
70 33 122
70 69 11
71 26 173
71 140 32
71 293 124
71 297 69
72 209 268
73 248 81
74 8 18
74 9 173
74 138 123
75 12 17
75 238 29
75 308 32
76 11 122
76 141 16
76 150 146
77 6 13
77 177 79
78 10 67
78 134 87
79 1 50
79 243 273
79 258 254
80 159 21
81 186 78
82 83 13
83 82 13
83 272 96
84 37 9
84 182 182
85 145 193
85 161 57
85 285 35
86 34 28
86 141 30
87 239 5
88 118 60
89 203 174
90 62 59
91 297 55
92 16 493
92 181 39
93 6 238
94 34 56
94 45 133
94 169 57
95 197 19
95 293 392
96 200 17
97 3 11
97 96 68
97 179 359
98 282 10
98 302 228
99 30 9
99 54 12
100 244 47
101 105 12
102 237 10
102 288 87
103 110 12
104 48 118
104 214 250
105 103 15
105 289 42
106 84 177
106 126 72
107 19 104
107 296 22
107 315 58
108 153 151
108 199 3
108 243 26
109 229 36
109 230 63
109 303 32
110 111 9
110 249 53
111 113 12
112 45 55
112 169 133
112 170 60
113 117 10
114 101 47
114 289 91
115 101 14
115 284 119
116 134 88
117 115 10
118 62 144
118 88 60
118 182 63
119 146 55
119 163 41
119 176 33
120 194 65
121 151 5
122 193 17
122 298 491
123 174 27
123 263 340
124 158 13
124 165 39
125 241 108
126 127 5
127 49 52
127 260 143
128 129 9
128 236 86
128 309 97
129 7 85
129 9 213
129 128 9
130 50 7
131 10 97
131 134 75
131 296 52
132 186 21
132 229 64
132 230 35
133 44 19
133 179 76
134 78 87
134 116 88
134 131 75
135 234 7
136 144 67
136 227 10
137 98 319
137 136 11
138 47 74
139 20 75
139 147 90
139 279 58
139 280 161
140 21 65
140 71 32
140 224 72
141 76 16
141 86 30
141 308 29
142 66 55
143 13 68
143 35 180
143 48 151
144 227 68
144 239 66
145 85 193
145 161 134
145 205 56
146 119 55
147 25 75
147 139 90
147 166 91
147 280 73
148 149 25
148 219 44
148 221 31
149 3 110
149 148 25
150 11 30
150 15 28
150 76 146
151 51 14
151 264 66
152 100 48
152 244 10
153 28 10
153 108 151
154 198 6
155 195 6
156 188 7
157 192 6
158 206 15
158 262 29
159 164 19
160 183 382
160 228 78
161 34 57
161 85 57
161 145 134
162 42 53
163 13 203
163 39 15
163 119 41
163 215 42
164 31 21
164 235 646
165 67 329
166 147 91
166 280 164
166 312 107
167 175 105
168 210 49
169 94 57
169 112 133
169 254 57
170 4 88
170 112 60
170 254 133
171 257 60
172 95 4
173 28 4
173 244 102
174 43 34
174 52 258
174 123 27
175 27 77
175 56 66
175 167 105
176 119 33
177 178 12
177 180 8
178 180 11
178 274 423
179 97 359
179 133 76
180 92 39
180 181 6
181 73 70
181 248 9
182 84 182
182 118 63
182 279 255
183 66 10
183 142 60
184 63 77
184 65 121
184 278 121
184 288 18
185 232 110
186 81 78
186 132 21
186 226 60
187 230 48
188 70 119
188 156 7
188 189 7
189 188 7
189 213 138
190 61 9
191 48 55
192 57 219
192 121 14
193 283 5
194 26 83
194 120 65
194 241 54
195 50 81
195 155 6
195 196 8
196 195 8
196 201 84
197 2 21
198 154 6
198 195 84
198 201 8
199 97 82
199 108 3
200 172 32
200 286 132
201 198 8
201 202 153
202 234 7
202 247 306
203 245 11
203 274 3
204 206 89
205 34 134
205 45 56
205 145 56
206 68 354
206 124 13
207 17 106
207 56 36
207 210 104
208 265 12
209 52 28
210 168 49
210 207 104
210 242 552
211 33 8
211 69 121
212 14 10
213 50 7
213 196 81
214 104 250
214 157 34
214 299 137
215 13 112
215 35 19
215 163 42
216 222 31
217 193 490
217 298 13
218 282 234
218 302 19
219 148 44
220 14 10
221 148 31
221 222 31
222 216 31
222 221 31
223 197 391
223 258 206
223 293 13
224 21 137
224 140 72
224 281 36
224 307 65
225 273 58
226 186 60
227 304 181
227 314 11
228 162 63
228 190 147
229 109 36
229 132 64
229 305 112
230 109 63
230 132 35
230 187 48
231 211 321
231 306 8
232 27 64
232 46 80
232 185 110
233 237 88
233 288 12
233 309 140
234 135 7
234 198 153
234 202 7
235 231 112
235 276 9
236 7 18
236 8 84
236 128 86
237 31 641
237 235 20
238 18 28
238 75 29
239 87 5
239 144 66
240 303 137
241 21 66
241 125 108
241 194 54
242 210 552
242 250 90
242 303 172
243 79 273
243 173 204
244 152 10
244 173 102
245 16 84
245 274 12
246 121 330
246 295 13
247 268 13
248 6 78
248 177 7
249 203 15
250 253 12
250 292 424
251 273 61
252 305 108
253 77 58
253 290 10
254 169 57
254 170 133
254 256 47
255 106 13
256 55 42
256 254 47
256 257 59
257 35 31
257 53 41
257 171 60
257 256 59
258 79 254
258 223 206
258 269 131
259 269 87
260 32 100
260 291 319
261 49 155
261 260 17
262 204 81
263 40 10
263 265 74
264 51 64
264 312 42
265 126 97
266 297 66
267 62 66
268 246 15
268 279 261
269 258 131
269 259 87
269 270 17
270 17 87
270 269 17
270 271 135
271 38 56
271 270 135
271 273 151
272 83 96
272 304 11
272 314 176
273 225 58
273 251 61
273 271 151
274 111 68
274 178 423
274 203 3
275 242 90
275 250 11
276 102 20
276 162 710
277 38 78
277 287 126
278 184 121
278 309 283
278 310 68
279 139 58
279 182 255
279 268 261
280 139 161
280 147 73
280 166 164
281 224 36
282 44 51
282 98 10
282 136 323
283 157 13
283 214 34
284 253 423
284 292 16
285 11 97
285 22 6
285 85 35
285 160 215
286 218 6
287 36 32
287 277 126
288 184 18
288 233 12
289 301 36
290 275 12
291 114 72
291 284 10
292 261 318
292 291 17
293 71 124
293 223 13
293 255 249
294 234 294
294 247 14
295 294 30
296 65 107
296 107 22
296 131 52
297 62 120
297 71 69
297 91 55
297 266 66
298 64 8
299 214 137
300 223 233
300 255 58
301 103 90
301 313 38
302 217 29
303 109 32
303 240 137
303 242 172
304 272 11
305 46 66
305 229 112
305 252 108
306 29 142
306 231 8
306 276 105
307 224 65
308 75 32
308 141 29
309 128 97
309 233 140
309 278 283
310 19 66
310 63 110
310 278 68
311 24 288
311 137 90
312 26 37
312 166 107
312 264 42
313 23 62
313 301 38
314 137 11
314 311 92
315 63 19
315 65 31
315 107 58
69 189
101 201
102 106
127 246
231 237
247 276
