155 387 112 88 2
1 2 76
1 25 137
1 118 65
2 1 76
2 11 87
2 107 167
3 56 63
3 57 107
3 66 53
3 67 26
4 128 11
4 134 92
5 18 73
5 28 42
5 48 99
6 18 94
6 24 82
6 147 72
6 153 113
7 24 73
7 65 200
7 133 35
8 33 36
9 70 25
9 101 25
9 105 41
9 126 13
10 65 38
10 116 66
10 133 203
11 2 87
11 54 42
11 117 24
12 14 54
12 118 62
12 119 10
13 42 15
13 105 43
14 12 54
14 71 17
14 123 46
15 13 15
16 32 29
16 40 5
17 51 59
17 96 9
17 132 75
18 5 73
18 6 94
18 39 70
19 83 44
20 43 47
20 154 37
20 155 64
21 135 37
21 139 178
22 23 10
22 25 38
22 35 351
23 22 10
23 112 24
24 6 82
24 7 73
24 55 135
24 112 68
25 1 137
25 22 38
25 149 65
26 111 60
27 39 27
28 5 42
28 53 220
28 147 59
29 30 47
30 29 47
30 115 129
30 148 168
31 33 56
32 40 29
32 145 61
33 8 36
33 31 56
33 150 26
34 62 91
34 92 33
34 94 87
35 15 15
35 93 46
36 59 53
36 73 180
36 93 24
37 62 32
37 113 12
37 115 44
38 96 69
38 130 40
39 18 70
39 27 27
39 150 66
40 16 5
40 110 22
40 144 33
41 91 14
42 23 353
42 35 14
43 4 35
43 20 47
43 108 13
44 86 24
44 127 62
45 48 58
45 80 54
45 137 244
46 49 42
46 109 71
47 49 65
47 50 2
48 5 99
48 45 58
48 52 118
49 46 42
49 47 65
49 73 53
50 47 2
50 151 62
51 17 59
51 103 19
52 48 118
52 53 47
52 57 82
53 28 220
53 52 47
53 56 57
54 11 42
54 58 42
55 24 135
55 112 178
55 153 80
56 3 63
56 53 57
56 116 34
56 129 149
57 3 107
57 52 82
57 61 28
58 54 42
58 63 40
59 36 53
59 60 118
59 109 66
60 59 118
60 109 77
61 57 28
61 64 9
61 104 91
61 140 51
62 34 91
62 37 32
62 142 70
63 58 40
63 121 48
64 61 9
64 120 64
64 141 108
65 7 200
65 10 38
65 68 68
65 70 65
66 3 53
66 70 101
66 116 67
67 3 26
67 69 59
67 104 17
67 141 12
68 65 68
68 70 121
68 112 272
69 67 59
69 72 12
69 102 25
70 9 25
70 65 65
70 66 101
70 68 121
71 14 17
71 111 122
71 119 55
72 69 12
72 114 49
73 36 180
73 49 53
73 121 52
73 138 45
74 75 36
74 94 86
75 74 36
76 78 62
76 84 124
76 120 46
77 124 30
78 76 62
78 81 52
78 95 129
78 141 66
79 110 37
80 45 54
80 124 28
80 136 246
81 78 52
81 97 148
81 114 18
82 83 35
82 99 156
82 114 43
83 19 44
83 82 35
83 87 58
84 76 124
84 95 62
84 127 46
85 92 59
85 122 26
85 152 44
86 44 24
87 83 58
87 89 89
88 152 37
89 87 89
89 126 45
90 91 26
91 41 14
91 90 26
91 152 25
92 34 33
92 85 59
92 122 57
93 15 51
93 36 24
94 34 87
94 74 86
94 98 31
95 78 129
95 84 62
95 97 25
95 100 64
96 17 9
96 38 69
97 81 148
97 95 25
97 99 58
98 94 31
99 82 156
99 97 58
100 95 64
101 9 25
101 102 49
102 69 25
102 101 49
103 51 19
104 61 91
104 67 17
105 9 41
105 42 46
106 113 43
106 115 11
106 130 65
107 2 167
107 121 50
107 123 35
108 43 13
108 106 101
108 130 160
109 46 71
109 59 66
109 60 77
110 16 22
110 79 37
111 26 60
111 71 122
111 131 54
112 23 24
112 24 68
112 55 178
112 68 272
113 37 12
113 146 190
114 72 49
114 81 18
114 82 43
115 30 129
115 43 100
115 106 11
116 10 66
116 56 34
116 66 67
116 129 145
117 11 24
118 1 65
118 12 62
118 149 135
119 12 10
119 71 55
119 131 127
120 64 64
120 76 46
120 127 124
121 63 48
121 73 52
121 107 50
122 85 26
122 92 57
122 152 46
123 14 46
123 107 35
124 77 30
124 80 28
124 125 20
125 124 20
126 9 13
126 72 97
127 44 62
127 84 46
127 120 124
128 4 11
128 108 33
128 135 212
129 56 149
129 116 145
129 147 71
130 38 40
130 106 65
130 108 160
131 111 54
131 119 127
131 149 62
132 96 75
132 143 47
133 7 35
133 10 203
133 147 54
134 135 13
134 136 41
135 128 93
135 134 13
136 137 54
137 45 244
137 139 9
137 140 24
138 73 45
138 145 47
139 21 58
139 137 9
140 61 51
140 139 27
141 64 108
141 67 12
141 78 66
142 62 70
143 132 47
144 40 33
145 32 61
145 138 47
145 151 17
146 113 190
147 6 72
147 28 59
147 129 71
147 133 54
148 30 168
149 25 65
149 118 135
149 131 62
150 33 26
150 39 66
150 153 32
151 50 62
151 145 17
152 85 44
152 88 37
152 91 25
152 122 46
153 6 113
153 55 80
153 150 32
154 20 37
155 20 64
22 53 123 126
39 56 70 109
