329 697 156 54 2
1 124 25
1 135 51
2 44 80
2 85 5
3 10 18
3 27 42
3 245 164
4 163 11
4 291 87
5 4 61
5 161 12
6 71 22
6 172 46
6 255 63
7 43 76
7 127 27
7 323 65
8 9 5
8 70 19
9 10 28
9 27 6
10 3 18
10 13 22
11 149 131
11 185 46
11 207 91
11 258 77
12 67 152
12 83 40
13 10 22
13 14 138
13 165 31
14 13 138
15 16 79
15 60 10
15 62 39
16 100 71
16 265 161
17 179 54
18 19 12
18 26 64
19 18 12
19 285 63
20 21 43
21 20 43
21 141 251
21 183 62
22 77 530
22 115 38
23 19 65
23 43 238
24 23 59
24 25 28
24 202 100
25 24 28
25 140 97
26 88 27
27 8 8
27 212 21
28 150 34
28 151 33
28 233 70
29 168 57
29 223 29
29 224 24
30 204 57
30 318 17
31 170 37
32 217 54
33 142 13
33 274 12
34 32 35
34 33 34
35 234 37
35 302 136
36 76 38
36 257 185
37 24 209
37 42 138
38 226 13
38 291 71
39 34 17
40 92 118
40 163 96
40 291 21
40 294 17
41 200 52
41 240 133
41 310 50
42 202 104
42 247 32
43 37 68
44 181 17
45 46 37
45 123 37
46 45 37
46 47 26
46 241 17
47 46 26
47 241 26
48 147 45
48 169 21
48 267 76
49 131 175
49 223 36
49 315 71
50 52 35
50 224 62
50 312 62
51 143 8
51 158 77
51 313 21
52 50 35
52 160 19
52 228 60
52 232 61
53 234 128
54 167 53
54 306 82
55 94 61
55 207 98
55 272 45
56 59 49
56 61 94
56 98 72
57 87 70
58 132 311
58 268 11
59 56 49
59 77 82
59 216 57
60 15 10
60 104 49
61 56 94
61 236 21
62 155 77
63 117 48
63 146 30
63 254 25
64 66 6
64 68 54
64 91 157
65 144 20
65 148 133
65 320 104
66 64 6
66 193 51
67 68 8
68 69 6
68 71 78
69 66 52
69 68 6
70 9 22
70 295 60
71 6 22
71 72 6
71 73 107
72 69 75
72 71 6
72 141 67
73 75 22
73 172 147
74 95 24
74 303 79
74 324 5
75 36 42
75 80 59
76 78 12
76 79 7
77 22 530
77 59 82
77 130 208
78 79 9
78 80 6
79 78 9
79 201 67
80 78 6
80 81 5
80 82 143
81 72 192
81 80 5
82 246 66
82 248 26
83 12 40
83 84 38
84 83 38
84 172 180
85 2 5
85 86 76
85 281 80
86 87 40
86 118 6
87 260 147
87 304 6
88 25 36
88 308 292
89 203 101
89 277 46
90 91 40
90 279 127
91 152 40
92 40 118
92 163 79
92 222 74
93 228 41
93 301 35
94 55 61
94 96 16
94 216 244
95 74 24
95 97 7
95 101 55
96 94 16
96 130 128
96 200 35
97 95 7
97 266 112
98 174 44
98 214 127
99 233 238
99 273 11
100 16 71
100 227 52
101 218 32
102 97 57
102 101 9
103 243 10
104 15 54
104 121 181
105 311 46
106 113 75
106 130 328
106 311 66
107 109 9
107 325 30
108 38 30
108 154 14
109 103 46
109 107 9
109 208 51
110 114 7
110 219 64
111 22 44
111 115 11
111 182 238
112 200 62
112 288 71
113 106 75
113 115 53
113 157 134
114 110 7
114 131 29
114 294 82
115 111 11
115 113 53
116 171 63
116 213 248
116 322 181
117 63 48
117 199 233
117 290 168
118 2 76
118 86 6
119 157 49
119 235 25
120 222 29
121 104 181
122 131 49
122 283 72
122 312 35
123 45 37
123 162 124
123 308 17
124 1 25
124 256 23
125 30 10
125 237 44
126 176 161
127 7 27
127 137 67
127 220 197
128 157 121
129 112 48
130 96 128
130 106 328
131 49 175
131 114 29
131 122 49
132 58 311
132 286 91
133 316 13
134 239 67
135 1 51
135 267 48
135 320 85
136 182 41
137 127 67
137 177 260
137 184 66
138 145 51
139 57 39
139 86 70
140 25 97
140 162 168
140 202 165
141 21 251
141 171 144
141 263 73
142 275 11
143 51 8
144 65 20
144 199 71
144 206 169
145 287 122
146 63 30
147 48 45
147 277 46
148 65 133
148 214 43
148 269 121
149 216 94
150 28 34
150 186 71
151 28 33
151 90 43
151 270 120
152 12 31
152 153 40
153 215 38
154 60 39
154 62 11
155 100 27
155 227 32
156 162 257
156 242 68
156 295 218
157 113 134
157 119 49
157 128 121
158 51 77
158 292 31
158 328 8
159 167 56
159 288 77
159 327 48
160 52 19
160 238 65
161 5 12
161 221 87
161 300 40
162 123 124
162 140 168
162 156 257
163 4 11
163 92 79
163 161 61
164 209 43
164 309 42
165 13 31
165 234 18
165 284 37
166 213 61
166 251 36
166 252 155
167 159 56
167 235 59
168 29 57
168 238 21
169 48 21
170 134 56
170 160 94
171 116 63
171 141 144
171 263 149
171 271 246
172 6 46
172 257 51
173 289 24
174 149 36
174 269 6
175 240 50
175 305 136
176 198 230
177 137 260
177 176 175
177 178 33
178 39 11
178 99 17
179 178 56
180 179 153
180 257 84
181 81 149
181 82 9
181 271 37
182 111 238
182 136 41
183 21 62
183 194 12
183 253 60
184 276 242
185 11 46
185 147 100
185 267 88
186 150 71
186 188 21
187 125 77
187 188 15
188 189 11
188 190 73
189 187 11
189 192 35
190 150 119
190 191 6
190 279 51
191 189 73
191 190 6
192 187 40
192 194 88
193 191 50
193 279 6
194 183 12
194 192 88
194 199 92
195 210 89
195 256 58
196 126 73
196 127 76
197 229 83
198 197 53
199 117 233
199 144 71
199 194 92
200 41 52
200 96 35
200 112 62
201 79 67
201 180 245
202 24 100
202 42 104
202 140 165
203 89 101
203 310 45
204 286 63
204 318 52
205 249 5
206 144 169
206 210 57
206 256 88
207 11 91
207 55 98
208 109 51
208 164 48
208 209 49
209 208 49
209 244 45
210 195 89
210 206 57
211 205 73
211 247 66
212 8 20
212 242 139
213 116 248
213 166 61
213 271 65
214 148 43
214 237 65
215 84 31
215 278 40
216 59 57
216 94 244
217 145 51
218 103 11
218 107 38
219 102 12
220 230 25
221 5 91
222 92 74
222 120 29
222 300 66
223 29 29
223 49 36
223 314 76
224 29 24
224 50 62
224 312 117
225 31 38
226 38 13
226 154 22
227 110 69
228 31 81
228 232 64
229 42 27
229 196 208
230 7 198
230 220 25
231 233 14
231 273 231
231 287 50
232 283 42
232 312 55
233 28 70
233 231 14
234 35 37
234 53 128
234 165 18
235 119 25
235 167 59
235 311 69
236 30 41
236 237 8
237 61 25
237 214 65
237 236 8
238 160 65
238 168 21
238 239 21
239 238 21
240 54 136
240 175 50
240 288 53
241 26 334
241 46 17
242 156 68
242 212 139
242 244 50
243 114 68
243 219 9
244 242 50
244 325 31
245 3 164
245 134 158
245 296 146
246 201 127
246 229 39
247 246 25
247 248 73
248 44 8
248 249 40
249 85 37
249 205 5
250 252 97
250 262 21
251 166 36
252 166 155
252 250 97
253 183 60
253 322 123
254 63 25
254 282 30
255 67 38
255 83 148
256 124 23
256 195 58
256 206 88
257 172 51
257 180 84
257 278 176
258 11 77
258 269 133
258 320 16
259 95 112
259 266 9
260 259 24
261 260 7
261 304 143
262 261 7
263 171 149
263 253 168
263 322 71
264 250 25
264 262 7
265 264 7
266 265 17
267 135 48
268 58 11
269 148 121
269 174 6
269 258 133
270 17 79
270 153 44
271 181 37
271 213 65
272 89 108
272 203 105
273 39 18
273 99 11
274 177 24
275 142 11
275 274 16
276 275 39
277 89 46
277 147 46
277 207 101
278 17 44
279 64 51
279 193 6
280 295 141
280 328 87
281 139 47
281 211 82
282 254 30
283 122 72
283 208 14
284 35 18
284 165 37
284 326 276
285 19 63
285 307 63
286 132 91
286 204 63
287 231 50
287 293 61
288 112 71
288 159 77
288 240 53
289 129 42
289 173 24
290 117 168
290 317 21
290 319 22
291 38 71
291 40 21
292 326 5
292 329 8
293 138 99
293 287 61
294 40 17
294 321 25
295 70 60
295 280 141
296 245 146
296 297 28
297 296 28
297 298 24
298 297 24
298 299 44
299 298 44
300 161 40
300 222 66
301 225 37
302 53 54
303 74 79
304 87 6
304 118 40
305 54 51
305 306 130
306 119 52
307 285 63
307 323 63
308 45 37
308 123 17
309 93 7
309 242 118
310 41 50
310 175 134
310 203 45
311 105 46
311 106 66
311 235 69
312 50 62
312 122 35
312 232 55
313 143 21
314 315 32
314 316 27
315 49 71
315 314 32
316 29 82
316 133 13
316 314 27
317 290 21
317 319 20
318 125 16
318 186 63
319 290 22
319 317 787
320 65 104
320 135 85
320 258 16
321 108 63
321 155 12
322 116 181
322 253 123
322 263 71
323 7 65
323 307 63
324 74 5
325 109 29
325 244 31
326 284 276
326 292 5
326 328 31
327 129 149
327 289 191
328 158 8
328 280 87
329 326 7
11 54 65 96 156 199 207 242 244 250 258 264 266 320
41 55 97 109 144 166 183 194 200 213 252 253 265 325
