27 50 5 21 4
1 6 13
1 12 263
1 26 25
2 16 17
3 9 17
3 12 51
3 13 152
4 5 62
4 14 51
5 4 62
5 15 46
5 20 108
6 1 13
6 24 187
7 10 20
7 22 15
8 15 25
9 3 17
10 2 61
11 17 20
12 3 51
12 7 14
12 18 200
13 3 152
13 21 86
14 4 51
14 20 132
14 26 5
15 5 46
15 8 25
15 20 281
16 2 17
16 22 79
17 7 201
17 18 11
18 19 20
19 11 11
20 5 108
20 14 132
20 15 281
21 13 86
22 6 253
22 12 17
23 25 10
24 23 12
25 27 12
26 1 25
26 14 5
27 1 191
27 24 11
3 9
12 27
17 25
18 26
