788 1786 718 488 4
1 288 56
1 569 203
1 681 12
2 515 229
3 18 102
3 289 55
3 346 62
4 417 63
4 418 107
4 426 53
4 427 26
5 2 15
5 98 24
5 252 9
6 9 28
6 425 54
6 452 77
7 543 64
8 13 31
8 64 11
8 567 86
9 6 28
9 10 6
9 394 71
10 9 6
10 782 31
11 17 59
11 83 48
11 582 148
11 739 73
12 54 86
12 504 81
12 679 174
13 8 31
14 34 57
14 215 31
14 596 33
15 288 63
15 724 247
16 60 164
16 550 5
17 11 59
17 84 9
17 462 287
17 601 31
18 3 102
18 349 56
18 458 59
19 367 121
20 104 183
20 367 80
21 347 43
21 379 82
21 564 44
22 222 31
22 332 56
23 266 100
23 459 162
23 547 30
23 566 64
24 222 10
25 236 59
25 363 174
25 541 212
26 50 34
27 29 10
27 219 38
27 604 351
28 57 34
28 394 127
29 27 10
29 454 424
29 718 24
30 424 68
31 32 69
31 424 29
31 526 27
32 31 69
33 596 54
34 14 57
35 100 33
35 103 58
36 234 55
37 351 86
38 194 12
38 269 52
38 296 18
39 425 72
40 354 42
40 415 220
40 522 59
41 419 31
41 767 81
42 43 6
42 375 157
43 48 14
43 562 595
44 45 63
44 223 26
44 348 78
45 44 63
45 514 53
45 620 23
46 117 93
46 690 130
46 783 342
47 42 14
48 47 6
48 62 42
49 611 29
49 773 61
50 26 34
50 210 28
50 212 37
51 688 140
51 766 62
52 212 28
52 581 79
52 776 52
53 132 127
53 639 66
53 700 71
54 12 86
55 270 7
55 766 13
56 65 31
56 302 40
57 65 10
58 73 76
59 63 12
59 460 16
60 16 164
60 47 42
60 62 7
61 39 34
61 268 52
62 60 7
63 561 74
64 8 11
64 661 102
64 778 107
65 96 47
66 68 19
66 184 20
67 67 91
67 444 24
68 71 17
68 563 12
69 48 626
69 66 16
70 155 74
70 250 39
70 615 41
71 69 20
71 74 20
72 110 8
72 539 22
73 58 76
73 89 329
73 395 37
74 721 188
75 217 49
75 286 171
75 747 43
76 56 489
76 82 20
77 138 52
77 330 45
77 607 180
77 627 53
78 89 11
78 763 337
79 340 19
79 398 53
79 678 105
80 76 21
80 519 515
81 83 63
82 80 14
82 131 1511
83 11 48
83 81 63
83 84 36
84 17 9
84 83 36
84 188 45
85 56 45
85 82 486
86 545 41
86 617 46
87 198 51
87 607 24
88 318 45
88 446 89
89 73 329
89 78 11
89 395 262
90 92 107
90 689 188
90 759 31
91 99 41
91 338 46
92 707 49
93 72 87
94 95 49
94 545 25
95 94 49
95 430 25
96 85 31
96 230 176
97 93 23
97 613 18
98 2 28
98 5 24
98 411 76
99 237 2
99 338 15
100 237 20
100 616 8
101 35 32
101 100 7
102 420 91
102 427 17
103 104 36
103 616 92
104 20 183
104 103 36
104 209 63
104 665 17
105 249 43
105 339 41
106 314 38
106 385 53
107 59 16
107 63 20
108 55 16
108 270 18
108 460 17
109 177 38
109 399 38
109 678 53
110 240 9
110 746 414
111 112 23
111 741 8
112 741 22
112 754 20
113 135 68
114 238 8
115 119 53
115 337 37
116 226 487
116 416 9
117 46 93
117 306 14
118 115 61
118 119 8
119 118 8
119 368 113
119 542 94
120 124 59
120 152 42
120 497 115
121 128 171
121 412 29
122 412 53
122 602 58
122 751 19
123 344 163
123 521 63
124 120 59
124 125 46
125 124 46
125 206 8
126 127 15
126 130 273
127 170 12
127 191 21
127 248 24
128 121 171
128 238 218
129 170 42
129 389 142
130 80 1507
130 131 53
131 97 335
131 136 28
132 53 127
132 700 67
132 702 59
133 433 49
133 440 18
133 442 43
134 130 26
134 168 250
135 113 68
135 149 50
135 205 17
136 27 1219
136 134 54
137 553 24
138 77 52
138 261 48
138 278 50
139 250 64
140 142 67
140 145 30
140 622 31
141 144 5
141 389 31
142 140 67
142 146 30
142 623 79
143 231 97
143 287 20
143 492 53
144 307 15
145 140 30
145 146 67
145 711 89
146 142 30
146 145 67
146 711 43
147 386 152
147 734 53
147 772 59
148 496 88
149 135 50
149 285 27
149 290 66
149 402 62
150 179 56
151 598 63
152 120 42
152 164 115
152 577 81
152 753 110
153 155 108
153 265 147
153 555 38
154 775 43
155 70 74
155 153 108
155 605 39
156 346 80
156 458 278
156 481 28
157 704 71
158 339 53
159 175 52
159 678 27
159 732 54
160 650 100
161 163 48
161 723 15
161 726 259
162 176 54
162 413 52
162 557 109
163 161 48
163 560 251
163 777 544
164 152 115
164 524 82
164 525 66
165 167 32
165 355 113
165 429 30
166 497 17
167 165 32
168 127 22
168 248 23
169 580 66
170 191 12
170 434 125
171 332 4
171 771 39
171 776 89
172 347 50
173 358 35
173 522 54
173 552 203
174 259 100
174 286 46
174 768 103
175 159 52
175 398 129
175 747 94
176 162 54
176 554 43
176 732 17
177 109 38
178 116 117
178 434 60
179 150 56
179 381 129
180 359 74
181 362 74
182 628 62
182 773 17
183 788 59
184 108 73
185 215 72
186 714 35
187 778 54
188 84 45
188 683 151
188 717 53
189 245 62
189 339 42
189 601 73
190 278 167
190 537 76
190 553 87
191 126 10
191 192 278
191 542 296
192 508 72
192 737 9
193 499 19
193 501 22
193 736 11
194 38 12
194 296 16
194 770 84
195 411 66
196 578 66
196 697 71
197 86 43
197 617 15
198 197 15
199 775 88
200 200 136
200 579 34
201 296 20
202 517 9
202 641 208
203 269 49
204 498 168
205 135 17
206 125 8
207 350 79
207 405 101
208 443 44
209 104 63
209 481 128
209 752 30
210 50 28
211 352 50
211 444 32
211 641 274
211 653 49
212 50 37
212 52 28
212 513 68
213 214 40
213 353 45
213 610 215
214 213 40
214 423 41
214 658 95
215 14 31
215 185 72
215 359 34
216 257 135
216 357 82
216 358 73
216 718 68
217 75 49
217 259 89
217 487 32
218 487 57
219 27 38
219 527 65
219 537 137
220 294 60
220 451 212
220 756 136
221 400 27
222 22 31
222 24 10
222 310 55
223 44 26
224 412 55
224 572 9
225 226 11
225 416 474
225 546 474
226 114 20
227 361 263
227 447 238
227 714 788
227 776 362
228 599 8
229 85 177
229 230 20
229 272 76
230 229 20
230 231 228
230 244 102
231 143 97
231 235 234
231 745 14
232 343 49
233 244 48
234 36 55
234 580 238
234 748 81
235 356 97
235 465 176
235 748 14
236 25 59
236 363 54
236 504 11
237 101 20
237 648 296
237 654 3
238 114 8
238 128 218
238 225 28
239 315 97
240 111 9
240 241 9
240 612 422
241 72 9
241 240 9
241 654 110
242 243 9
242 609 43
242 743 11
243 242 9
244 230 102
244 233 48
244 788 20
245 245 54
245 189 62
246 491 75
247 247 357
247 491 38
248 129 16
249 105 43
249 309 21
250 70 39
250 139 64
250 251 30
251 250 30
251 390 31
251 624 68
252 5 9
252 733 7
253 5 26
253 98 36
254 261 26
255 256 24
256 255 24
256 258 42
256 553 42
257 216 135
257 531 80
257 718 178
258 256 42
258 260 25
258 261 40
259 174 100
259 217 89
259 316 170
260 258 25
261 138 48
261 254 26
261 258 40
262 292 37
263 399 20
264 266 30
265 153 147
265 722 41
266 23 100
266 264 30
266 436 44
267 525 150
267 565 115
268 39 84
268 78 82
269 38 52
269 203 49
269 769 62
270 51 53
271 405 40
272 229 76
272 580 232
272 735 66
273 629 66
274 304 5
274 467 26
275 748 195
276 687 58
276 715 212
277 291 36
277 579 36
277 720 42
278 138 50
278 190 167
278 729 35
279 280 95
280 279 95
280 281 6
280 698 73
281 280 6
281 649 58
281 651 256
282 341 14
282 725 146
283 660 55
284 500 209
285 149 27
285 290 47
285 498 255
286 174 46
286 398 49
287 143 20
287 633 58
288 1 56
288 15 63
289 3 55
289 349 101
289 459 31
290 149 66
290 285 47
290 498 65
291 277 36
292 262 37
292 376 22
293 769 46
294 220 60
294 323 54
294 432 122
294 676 66
295 324 236
295 343 115
296 38 18
296 194 16
296 201 20
297 435 5
297 436 19
297 720 30
298 297 23
298 742 91
299 417 34
299 426 67
299 552 66
299 755 145
300 527 135
300 537 65
300 556 62
301 323 127
301 432 55
301 556 10
302 28 11
302 495 23
303 141 12
303 381 83
304 303 13
305 470 94
305 583 35
305 672 20
306 117 14
306 308 33
306 784 32
307 274 11
307 727 71
308 306 33
309 249 21
309 373 25
310 222 55
310 332 28
310 335 35
311 312 3
311 686 47
312 311 3
313 314 10
313 554 53
314 106 38
314 313 10
314 557 51
315 239 97
315 539 46
315 760 121
316 259 170
316 317 8
317 321 17
317 366 76
318 433 97
318 545 13
319 316 22
319 757 15
320 513 76
321 319 15
322 733 95
323 294 54
323 301 127
323 527 62
324 764 5
324 786 49
325 360 23
326 401 2
327 328 13
327 329 41
328 327 13
329 765 54
330 77 45
330 773 47
331 383 58
331 765 9
332 22 56
332 171 4
332 310 28
333 331 27
333 420 51
334 421 108
334 427 12
334 439 66
335 310 35
335 503 14
336 670 136
336 682 28
337 115 37
338 295 38
339 105 41
339 158 53
339 189 42
340 342 77
340 742 7
341 540 17
341 730 8
342 340 77
342 448 49
342 450 48
343 232 49
343 669 215
344 123 163
344 462 14
345 457 17
345 536 69
346 3 62
346 156 80
346 458 102
347 21 43
347 172 50
348 44 78
348 371 131
348 682 66
349 18 56
349 289 101
349 547 62
350 207 79
350 584 26
350 739 63
351 37 86
351 489 9
351 657 95
352 211 50
352 353 16
352 719 253
353 161 248
353 213 45
353 352 16
354 40 42
354 378 73
354 408 99
355 165 113
355 715 28
355 759 77
356 235 97
356 528 20
357 216 82
357 378 94
357 522 72
357 531 113
358 173 35
358 216 73
358 422 200
359 180 74
359 215 34
359 362 31
360 325 23
360 528 60
361 227 263
361 490 128
362 181 74
362 359 31
362 526 26
363 25 174
363 236 54
363 500 10
364 524 61
364 575 115
365 371 79
366 317 76
366 487 51
367 20 80
368 119 113
369 370 6
369 372 20
370 43 149
370 375 6
371 348 131
371 365 79
371 419 75
371 514 57
372 370 21
372 684 39
373 309 25
374 392 47
375 369 7
375 675 31
376 49 29
376 611 5
377 406 56
378 354 73
378 357 94
378 400 70
379 21 82
380 425 82
381 179 129
381 303 83
381 438 112
382 566 46
383 328 37
383 331 178
384 538 22
384 732 146
384 747 55
385 106 53
386 676 59
386 756 87
387 448 159
388 452 46
388 462 44
388 782 18
389 129 142
389 144 31
390 251 31
390 534 32
390 631 68
391 750 30
392 374 47
392 419 65
392 666 33
393 456 81
393 544 55
394 10 67
394 61 116
394 395 9
395 57 141
395 73 37
395 394 9
396 397 56
397 396 56
397 529 26
397 544 36
398 79 53
398 175 129
398 286 49
399 109 38
399 263 20
399 511 53
400 221 27
400 378 70
400 529 66
401 326 2
401 505 58
402 149 62
403 404 35
403 569 50
404 403 35
404 681 91
405 207 101
405 271 40
405 629 68
405 739 59
406 377 56
406 438 57
407 408 58
407 765 244
408 354 99
408 407 58
408 410 118
409 767 40
410 408 118
410 415 47
410 418 82
411 98 76
411 195 66
411 548 67
412 121 29
412 122 53
412 224 55
413 162 52
414 116 8
414 178 118
415 40 220
415 410 47
415 417 57
416 414 9
416 546 9
417 4 63
417 299 34
417 415 57
417 755 149
418 4 107
418 410 82
418 420 28
419 41 31
419 371 75
419 392 65
420 102 91
420 333 51
420 418 28
420 421 9
421 334 108
421 420 9
421 728 64
422 358 200
422 428 68
422 431 65
422 552 38
423 214 41
423 596 73
423 780 11
424 30 68
424 31 29
424 711 32
425 6 54
425 380 82
426 4 53
426 299 67
426 431 101
427 4 26
427 102 17
427 334 12
427 430 59
428 422 68
428 431 121
428 718 272
429 165 30
430 95 25
430 427 59
430 433 12
431 422 65
431 426 101
431 428 121
431 545 25
432 294 122
432 301 55
432 558 17
433 133 49
433 430 12
434 178 60
434 191 120
435 297 5
435 298 24
436 266 44
436 435 20
437 439 62
437 728 46
438 381 112
438 406 57
439 334 66
439 437 62
439 440 52
440 133 18
440 439 52
440 449 148
441 602 87
441 686 9
442 133 43
442 443 35
443 208 44
443 442 35
443 446 58
444 67 24
444 211 32
444 659 253
445 512 93
445 581 56
445 582 45
446 88 89
446 443 58
447 227 238
448 342 49
448 387 159
448 588 48
449 440 148
450 342 48
450 472 68
450 588 53
451 220 212
452 6 77
452 388 46
452 523 51
453 720 19
454 134 799
454 564 276
455 704 44
456 393 81
457 758 19
458 18 59
458 156 278
458 346 102
458 547 177
459 19 63
459 23 162
459 289 31
459 665 60
460 55 7
460 699 17
461 625 71
461 643 66
461 644 77
462 17 287
462 344 14
462 388 44
462 495 106
463 464 33
464 463 33
464 469 52
464 475 73
465 468 68
465 536 130
465 603 51
466 473 53
467 304 26
467 787 96
468 345 6
469 464 52
470 305 94
471 477 20
472 450 68
473 466 53
473 475 163
474 576 61
475 464 73
475 473 163
475 476 56
475 493 112
476 475 56
476 478 34
476 494 123
477 471 20
477 480 100
477 593 15
478 476 34
478 479 34
478 483 30
479 478 34
479 480 28
479 484 31
480 477 100
480 479 28
480 482 3
481 156 28
481 209 128
482 480 3
482 486 32
482 659 52
483 478 30
484 479 31
485 516 36
485 638 59
485 706 94
486 482 32
487 217 32
487 218 57
487 366 51
487 538 63
488 489 92
488 655 8
488 657 9
489 351 9
489 488 92
489 490 18
489 506 8
490 361 128
490 489 18
491 246 75
491 247 38
491 727 53
492 143 53
493 475 112
493 494 37
494 476 123
494 493 37
495 28 15
495 302 23
495 462 106
496 148 88
496 691 27
496 725 13
497 120 115
497 166 17
498 204 168
498 285 255
498 290 65
498 670 32
499 282 63
500 284 209
500 363 10
500 726 41
501 193 22
501 499 28
501 712 75
502 671 37
502 677 120
502 686 180
503 335 14
503 505 16
504 12 81
504 236 11
504 630 191
505 401 58
505 503 16
506 489 8
506 651 231
507 193 20
507 736 18
508 193 21
508 501 32
509 694 28
510 667 62
511 399 53
512 445 93
513 212 68
513 320 76
514 45 53
514 371 57
514 530 98
515 518 17
515 533 76
515 568 97
516 485 36
517 202 9
518 515 17
518 591 219
519 71 19
519 74 19
520 536 67
521 123 63
522 40 59
522 173 54
522 357 72
522 755 71
523 452 51
524 164 82
524 364 61
524 577 116
525 164 66
525 267 150
525 565 50
526 31 27
526 362 26
526 650 9
527 219 65
527 300 135
527 323 62
528 356 20
528 360 60
529 397 26
529 400 66
529 531 32
530 514 98
531 257 80
531 357 113
531 529 32
532 533 143
533 515 76
533 532 143
533 535 18
534 390 32
534 634 67
534 749 44
535 533 18
536 457 61
536 465 130
536 520 67
537 190 76
537 219 137
537 300 65
538 384 22
538 487 63
539 110 22
539 315 46
540 518 120
541 25 212
542 191 296
542 414 9
542 546 8
543 7 64
543 565 21
543 571 58
544 393 55
544 397 36
545 86 41
545 94 25
545 318 13
545 431 25
546 118 94
546 225 474
546 542 8
547 23 30
547 349 62
547 458 177
548 411 67
549 566 55
550 16 5
550 774 26
551 708 245
551 713 68
551 716 76
552 173 203
552 299 66
552 422 38
553 137 24
553 190 87
553 256 42
554 176 43
554 313 53
555 153 38
556 300 62
556 301 10
556 558 54
557 162 109
557 314 51
558 432 17
558 556 54
558 729 46
559 589 38
560 163 251
560 777 39
561 68 22
561 563 28
562 66 23
562 184 23
563 76 539
564 21 44
564 588 130
565 267 115
565 525 50
565 543 21
565 688 146
566 23 64
566 382 46
566 549 55
567 8 86
567 738 45
567 779 58
568 595 31
568 730 29
569 1 203
569 403 50
569 727 11
570 578 129
570 636 123
570 701 70
571 543 58
571 576 50
572 224 9
572 602 72
573 592 41
574 577 86
575 364 115
575 577 60
576 474 61
576 571 50
576 585 57
576 614 70
577 152 81
577 524 116
577 574 86
577 575 60
578 196 66
578 570 129
578 698 66
579 200 34
579 277 36
579 775 56
580 169 66
580 234 238
580 272 232
580 745 82
581 52 79
581 445 56
581 619 85
582 11 148
582 445 45
582 584 12
582 776 196
583 305 35
583 712 91
583 759 8
584 350 26
584 582 12
584 762 31
585 576 57
585 589 6
585 618 68
586 101 297
586 648 12
587 586 5
588 448 48
588 450 53
588 564 130
589 559 38
589 585 6
589 592 65
590 600 19
591 252 25
591 733 24
592 573 41
592 589 65
592 597 6
593 477 15
594 737 41
594 778 88
594 779 59
595 507 49
596 14 33
596 33 54
596 423 73
597 592 6
597 598 34
597 608 279
598 151 63
598 597 34
598 600 7
599 228 8
599 740 35
600 590 19
600 598 7
600 608 66
601 17 31
601 189 73
601 696 62
602 122 58
602 441 87
602 572 72
603 275 44
603 606 15
604 87 46
604 198 15
605 155 39
605 610 20
605 721 50
606 468 10
606 603 15
606 609 40
607 77 180
607 87 24
607 643 53
608 597 279
608 600 66
608 680 37
609 242 43
609 606 40
609 612 10
610 213 215
610 605 20
610 615 54
611 292 22
611 376 5
611 772 33
612 240 422
612 609 10
612 746 15
613 93 19
613 654 16
614 576 70
615 70 41
615 610 54
615 621 27
616 136 345
616 613 22
617 29 353
617 604 14
618 585 68
619 581 85
620 45 23
621 615 27
621 635 97
621 709 115
622 140 31
622 623 17
622 749 25
623 142 79
623 622 17
623 750 24
624 251 68
625 461 71
625 627 42
625 645 113
626 627 65
626 628 2
626 646 152
627 77 53
627 625 42
627 626 65
628 182 62
628 626 2
629 273 66
629 405 68
630 504 191
631 390 68
632 656 151
632 684 321
632 688 63
633 287 58
634 534 67
635 621 97
635 709 92
636 570 123
636 639 64
636 700 67
637 637 182
637 681 53
638 485 59
638 640 94
639 53 66
639 636 64
639 651 81
639 701 123
640 638 94
640 642 59
640 706 60
641 202 208
641 211 274
641 677 159
642 640 59
642 649 102
642 753 134
643 461 66
643 607 53
643 644 118
644 461 77
644 643 118
644 645 79
645 625 113
645 644 79
645 646 41
646 626 152
646 645 41
647 587 12
647 648 6
648 237 296
648 324 12
648 647 6
649 281 58
649 642 102
649 652 18
649 655 251
650 160 100
650 526 9
650 685 69
651 281 256
651 506 231
651 639 81
651 655 60
652 649 18
652 660 266
653 211 49
653 664 69
654 99 1
654 237 3
654 241 110
655 488 8
655 506 90
655 651 60
656 656 87
656 632 151
657 488 9
657 652 244
657 660 86
658 214 95
659 444 253
659 482 52
659 719 37
660 283 55
660 652 266
660 657 86
660 670 103
661 64 102
662 663 11
663 662 11
663 667 291
663 787 37
664 653 69
664 677 364
665 104 17
665 459 60
666 392 33
667 510 62
667 663 291
667 668 10
668 662 291
668 667 10
669 343 215
669 704 74
669 754 23
670 336 136
670 498 32
670 660 103
670 769 32
671 502 37
671 783 178
672 305 20
673 674 52
674 673 52
674 675 38
675 369 27
675 674 38
676 294 66
676 386 59
676 734 172
677 502 120
677 641 159
677 664 364
678 79 105
678 109 53
678 159 27
679 12 174
680 336 28
680 608 37
680 682 7
681 1 12
681 404 91
681 637 53
682 348 66
682 680 7
682 693 116
683 188 151
684 372 39
684 632 321
684 688 265
685 650 69
686 311 47
686 441 9
686 502 180
687 276 58
687 689 54
687 715 216
688 51 140
688 565 146
688 632 63
688 684 265
689 90 188
689 687 54
689 690 31
690 46 130
690 689 31
690 691 72
691 496 27
691 690 72
691 695 13
692 680 108
692 693 13
693 107 133
693 692 13
693 708 90
694 509 28
694 697 61
695 691 13
695 723 226
696 696 53
696 601 62
697 196 71
697 694 61
697 698 65
698 280 73
698 578 66
698 697 65
698 701 129
699 59 13
699 692 140
700 53 71
700 132 67
700 636 67
701 570 70
701 639 123
701 698 129
702 132 59
702 703 18
702 705 42
703 702 18
704 157 71
704 455 44
704 669 74
705 702 42
706 485 94
706 640 60
706 753 28
707 92 49
707 712 17
708 551 245
708 693 90
708 713 292
709 621 115
709 635 92
709 780 20
710 771 19
711 145 89
711 146 43
711 424 32
712 501 75
712 583 91
712 707 17
713 551 68
713 708 292
713 714 34
714 186 35
714 227 788
714 713 34
715 276 212
715 355 28
715 687 216
716 716 96
716 551 76
717 188 53
718 29 24
718 216 68
718 257 178
718 428 272
719 69 210
719 659 37
719 721 17
720 277 42
720 297 30
720 453 19
721 353 250
721 605 50
721 719 17
722 265 41
723 161 15
723 352 249
723 784 95
724 15 247
724 787 154
725 496 13
725 695 31
725 726 15
726 500 41
726 725 15
726 761 107
727 307 71
727 491 53
727 569 11
728 421 64
728 437 46
729 278 35
729 558 46
729 734 39
730 282 14
730 595 19
731 242 14
731 253 278
732 159 54
732 176 17
732 384 146
733 252 7
733 322 95
733 743 305
734 147 53
734 676 172
734 729 39
735 272 66
736 737 93
737 192 9
737 594 41
737 738 122
738 126 155
738 567 45
739 11 73
739 350 63
739 405 59
740 111 177
740 599 35
741 91 68
741 241 10
742 79 19
742 298 91
742 340 7
743 744 6
744 275 60
744 606 18
745 229 230
745 231 14
745 580 82
746 731 34
747 75 43
747 175 94
747 384 55
748 234 81
748 235 14
748 745 235
749 534 44
749 622 25
749 750 18
750 391 30
750 623 24
750 749 18
751 122 19
752 209 30
753 152 110
753 642 134
753 706 28
754 112 20
754 599 218
754 669 23
755 299 145
755 417 149
755 522 71
756 220 136
756 757 30
757 319 15
757 756 30
758 612 13
758 740 261
759 90 31
759 355 77
759 583 8
760 315 121
761 341 26
761 540 29
762 584 31
763 373 62
764 647 12
765 331 9
765 333 24
765 407 244
766 699 15
767 41 81
767 409 40
768 768 144
768 174 103
769 269 62
769 293 46
769 670 32
770 194 84
771 171 39
771 710 19
772 147 59
772 611 33
773 49 61
773 182 17
773 330 47
774 16 27
775 154 43
775 199 88
775 579 56
776 52 52
776 171 89
776 227 362
776 582 196
777 163 544
777 560 39
778 64 107
778 187 54
778 594 88
779 567 58
779 594 59
779 785 59
780 423 11
780 709 20
780 781 14
781 780 14
782 9 36
782 388 18
783 46 342
783 671 178
783 784 134
784 306 32
784 723 95
784 783 134
785 779 59
786 764 51
787 467 96
787 663 37
787 724 154
788 183 59
788 244 20
66 108 692 699 719
69 127 191 657 718
134 336 454 680 725
282 460 499 508 695
