1815 830 380 238 2
0 68 89
0 648 15
0 829 73
1 152 80
1 228 5
2 140 71
3 27 165
3 87 100
3 552 58
4 94 50
5 409 11
5 748 87
6 28 18
6 60 42
6 635 164
7 5 61
7 403 12
8 29 82
8 189 34
8 425 50
9 515 138
10 306 27
10 816 65
11 198 22
11 422 402
11 440 238
11 520 482
12 254 199
12 756 8
13 14 5
13 207 19
14 28 28
14 60 6
15 168 43
15 338 21
15 468 40
16 400 125
16 410 92
16 723 71
17 317 11
18 190 62
19 23 23
19 817 119
20 180 73
20 261 136
21 294 164
21 524 63
22 248 92
22 349 36
23 325 44
23 341 23
24 473 64
24 613 55
25 305 15
25 706 18
26 332 85
26 476 175
27 3 165
27 187 57
27 447 10
28 6 18
28 36 22
29 8 82
29 316 56
29 450 51
30 384 37
30 387 11
31 116 28
31 474 105
32 492 37
33 225 27
33 400 206
34 576 17
34 792 41
35 46 70
35 382 256
36 28 22
36 37 138
36 404 80
36 416 31
37 36 138
38 42 79
38 199 10
38 201 39
39 73 57
39 510 124
39 819 196
40 250 29
41 224 86
42 258 71
42 659 161
43 250 18
44 125 85
44 336 24
45 406 190
46 49 12
46 57 64
46 620 393
47 245 232
47 290 68
47 419 157
48 115 18
48 529 58
48 708 57
49 46 12
49 65 192
49 745 63
50 237 254
50 371 16
51 49 65
52 330 123
52 528 99
52 767 146
53 51 59
53 54 28
53 481 100
54 53 28
54 345 97
55 295 108
55 363 18
56 327 51
56 430 106
56 808 6
57 231 27
58 166 88
59 184 121
59 331 46
59 616 140
60 13 8
60 514 21
61 374 65
62 97 70
63 117 81
63 373 12
63 466 65
64 188 85
64 216 5
65 305 13
65 644 64
65 706 16
66 45 95
66 803 113
67 45 48
67 192 77
67 475 46
68 0 89
68 185 106
69 322 5
69 774 77
70 441 8
70 442 69
70 671 115
71 145 359
71 215 12
71 236 63
72 145 76
72 381 46
73 39 57
74 211 112
74 245 191
74 798 71
75 35 65
75 72 110
76 124 24
76 485 105
77 78 7
77 259 59
78 255 28
78 797 65
79 297 74
79 827 183
80 297 171
80 739 87
81 275 272
81 292 46
82 157 49
82 705 27
83 98 25
83 170 290
83 789 65
84 86 64
84 162 78
84 303 63
85 295 104
85 757 83
86 84 64
86 87 44
86 732 81
87 3 100
87 86 44
87 88 112
88 87 112
88 105 73
88 346 75
89 224 14
90 354 88
90 376 69
90 379 132
91 430 57
91 545 29
91 547 24
92 82 21
92 477 75
92 705 9
93 431 37
94 4 50
94 433 34
94 506 34
95 436 191
95 762 93
96 143 181
96 146 75
96 315 53
97 17 91
97 102 33
98 83 25
98 696 216
99 103 12
99 356 63
100 599 37
100 769 136
101 718 61
101 777 46
102 97 33
102 648 215
103 61 345
103 99 12
103 405 63
104 419 28
104 601 45
105 88 73
105 315 90
105 737 12
105 738 10
106 564 8
106 690 211
107 169 214
107 549 13
107 748 71
108 240 118
108 409 96
108 748 21
108 750 17
109 110 138
109 115 79
109 298 184
110 109 138
110 298 78
111 120 141
111 555 59
111 713 10
112 64 563
112 513 46
113 213 44
113 716 159
114 196 73
115 48 18
115 106 72
115 109 79
116 205 149
116 358 66
117 237 16
117 371 257
118 294 24
118 304 29
119 242 15
119 279 344
120 335 43
120 714 10
121 242 301
122 496 149
122 743 13
123 124 6
123 515 154
123 704 107
124 76 24
124 123 6
124 672 163
125 130 107
125 165 8
126 123 163
126 672 4
127 273 93
127 368 39
128 126 77
128 421 6
129 165 54
129 247 50
129 651 236
130 150 106
130 806 5
131 128 13
131 313 24
132 134 17
132 148 65
133 69 193
133 131 7
134 133 16
135 24 19
135 617 17
136 137 25
136 605 16
137 136 25
137 371 84
137 463 68
137 582 199
138 481 104
138 638 32
139 142 24
139 471 17
140 12 63
141 774 61
142 150 38
142 471 23
143 348 72
144 206 68
144 208 88
144 631 110
144 682 56
145 72 76
145 305 26
146 96 75
146 553 129
146 692 71
147 234 92
148 132 65
149 542 26
150 142 38
150 171 105
150 806 104
151 278 80
151 424 94
151 717 58
152 451 17
153 161 28
153 191 244
154 155 37
154 300 37
155 154 37
155 158 26
155 213 75
155 619 17
156 427 54
156 429 100
156 679 99
156 747 84
157 82 49
157 308 118
157 477 61
158 155 26
158 619 26
158 620 83
159 302 29
160 539 6
161 159 8
161 525 38
162 84 78
163 149 33
163 540 10
164 341 95
164 650 75
165 125 8
165 129 54
165 336 97
166 58 88
166 333 57
166 819 36
167 363 13
168 15 43
168 232 57
168 376 119
169 556 14
169 761 72
170 130 10
170 165 114
170 806 9
171 170 12
171 484 202
172 173 52
172 815 30
173 172 52
173 526 36
174 319 175
174 545 36
174 804 71
175 674 30
176 559 41
176 719 60
177 179 35
177 547 62
177 794 62
178 351 8
178 399 77
178 795 21
179 177 35
179 402 19
179 557 60
179 594 61
180 176 60
180 719 5
181 504 50
182 366 64
182 459 41
182 506 28
183 79 122
183 615 235
184 59 121
184 214 160
184 509 241
185 68 106
185 665 129
186 404 57
186 599 128
187 27 57
187 544 48
188 64 85
188 291 70
188 426 327
189 8 34
189 426 61
189 671 138
190 565 34
190 624 86
191 311 167
192 67 77
192 640 94
193 507 26
194 164 65
194 308 116
195 233 70
195 618 46
196 268 61
197 104 473
197 222 80
197 654 219
198 11 22
198 515 241
198 771 330
199 38 10
199 267 49
200 2 9
200 394 69
201 378 77
202 487 13
202 595 76
203 222 450
204 560 26
204 724 91
205 360 135
206 144 68
206 686 90
207 14 22
207 751 60
208 144 88
208 391 92
209 368 38
209 522 10
210 211 13
210 634 181
211 74 112
211 216 18
212 210 9
212 800 59
213 113 44
213 155 75
214 184 160
214 212 5
215 71 12
215 287 61
216 64 5
216 214 25
217 252 24
217 770 79
217 821 5
218 219 9
219 218 9
219 220 6
220 219 6
220 221 5
220 223 143
221 220 5
222 197 80
222 413 184
223 637 66
223 641 26
224 41 86
224 89 14
224 602 10
225 480 49
226 191 526
226 302 264
227 369 67
227 537 68
228 1 5
228 230 76
228 720 80
229 357 58
229 519 154
230 233 40
230 285 6
231 54 36
231 786 292
232 168 57
232 376 107
232 379 66
233 652 147
233 780 6
234 147 92
234 208 105
234 631 89
235 244 58
235 325 131
235 367 196
235 817 58
236 103 62
236 356 12
236 374 361
237 119 13
238 464 53
238 686 91
238 785 104
239 246 108
239 502 92
239 627 81
240 108 118
240 409 79
240 543 74
241 557 41
241 765 35
242 117 13
242 373 81
243 823 83
244 235 58
244 293 47
245 47 232
245 112 309
246 239 108
246 464 88
246 686 55
247 129 50
247 521 243
248 288 199
249 575 250
249 658 96
249 818 13
250 40 29
250 43 18
250 324 30
251 423 107
251 729 55
251 773 159
252 217 24
252 253 7
252 260 55
253 252 7
253 660 112
254 116 103
254 257 94
254 474 10
255 256 7
255 261 37
256 77 28
256 784 73
257 254 94
257 262 88
258 42 71
258 554 52
259 78 57
259 584 83
260 534 32
261 20 136
261 256 36
262 257 88
263 253 57
263 260 9
264 604 136
264 828 82
265 639 28
265 796 5
266 626 10
267 38 54
268 62 82
268 715 36
269 271 9
269 822 30
270 107 30
270 377 14
271 266 46
271 269 9
271 491 51
272 274 7
272 536 64
273 127 93
273 310 52
273 475 56
274 272 7
274 319 29
274 750 82
275 292 222
275 511 14
276 193 147
276 507 140
277 105 87
277 585 19
278 151 80
278 330 101
278 509 62
279 283 28
279 622 31
280 687 199
281 493 140
282 549 156
283 121 26
283 570 83
284 71 62
284 287 12
285 1 76
285 230 6
286 135 22
286 350 54
287 284 12
287 697 114
288 30 174
288 746 87
289 281 64
289 512 139
290 47 68
290 490 60
290 654 58
291 188 70
291 747 70
292 275 222
292 754 61
293 244 47
293 614 109
294 118 24
294 304 26
294 508 28
295 55 108
295 85 104
295 543 29
296 551 50
296 621 34
297 79 74
297 80 171
297 632 47
298 109 184
298 110 78
298 555 94
299 319 49
299 728 72
299 794 35
300 154 37
300 407 124
300 786 17
301 406 109
301 793 46
302 153 9
302 722 106
303 84 63
303 528 18
304 118 29
305 65 13
305 75 54
305 145 26
306 10 27
306 334 67
306 537 197
307 18 70
308 157 118
308 469 63
309 691 63
309 693 57
310 273 52
311 225 258
311 280 377
312 437 65
312 650 187
312 727 72
313 128 29
313 441 44
314 289 66
314 516 137
315 96 53
315 105 90
315 552 127
316 29 56
316 448 51
316 553 96
316 671 46
317 394 19
317 420 18
318 204 110
319 174 175
319 274 29
319 299 49
320 589 84
320 595 159
320 782 65
321 22 45
321 658 168
322 69 5
322 131 196
323 559 55
323 791 152
324 250 30
324 630 42
325 23 44
325 820 13
326 631 35
327 56 51
327 457 71
327 805 13
328 611 67
329 435 42
330 52 123
330 278 101
331 621 45
332 26 85
332 741 175
333 166 57
334 306 67
334 460 66
335 465 10
336 802 119
337 462 94
337 699 342
337 762 496
338 15 21
338 468 31
338 762 473
339 546 183
340 342 48
340 684 47
341 164 95
341 469 25
342 684 7
342 687 16
343 581 26
343 696 89
344 195 39
344 230 70
345 54 97
345 407 168
345 481 165
346 88 75
346 732 156
347 772 24
347 779 9
348 160 8
348 778 110
349 314 66
349 591 140
350 286 54
350 741 98
351 178 8
351 497 479
352 723 73
353 812 40
354 90 88
354 357 52
354 809 67
355 392 125
355 499 49
356 215 63
356 236 12
357 229 58
357 354 52
357 367 219
358 527 20
358 633 31
359 825 48
360 21 73
361 44 157
361 359 77
362 244 129
362 526 50
362 820 44
363 55 18
363 167 13
363 364 20
364 363 20
364 804 112
365 458 13
365 808 27
365 812 44
366 182 64
366 506 88
366 678 48
367 379 55
367 492 58
368 127 39
368 522 35
369 487 143
370 50 29
371 50 16
371 137 84
371 388 66
372 447 14
373 61 64
373 63 12
373 405 330
374 25 56
375 278 32
375 755 75
376 90 69
376 168 119
376 232 107
377 199 39
377 201 11
378 258 27
378 554 32
379 90 132
379 232 66
379 817 195
380 407 257
380 628 68
380 751 218
381 72 46
381 284 234
381 382 95
382 381 95
382 383 126
383 382 126
383 700 18
384 33 77
385 384 24
385 387 36
386 370 47
386 388 14
387 183 58
387 827 12
388 137 115
388 698 24
389 560 116
390 499 14
390 592 48
391 147 101
391 208 92
391 392 28
392 355 125
392 391 28
392 393 276
392 502 26
393 392 275
393 592 129
394 17 19
394 200 69
394 397 6
395 758 74
395 792 42
396 673 411
396 705 244
396 722 26
397 17 18
397 102 92
398 623 155
399 178 77
399 668 8
399 749 31
400 533 30
401 453 8
401 479 28
402 179 19
402 610 65
403 7 12
403 541 87
403 757 40
404 434 55
405 121 80
405 570 13
406 301 109
406 598 47
406 758 81
407 300 124
407 345 168
407 380 257
408 538 119
408 712 17
409 5 11
409 240 79
409 403 61
410 16 92
410 535 9
411 775 8
412 352 117
412 535 74
413 222 184
413 415 24
414 494 43
414 787 42
415 411 28
415 497 84
416 36 31
416 599 18
416 730 37
417 571 81
418 518 61
418 645 36
418 646 155
419 47 157
419 798 29
420 2 78
420 394 5
421 132 17
421 133 19
422 11 402
422 423 179
422 500 70
423 422 179
423 764 86
424 151 94
424 447 99
424 449 116
424 488 52
425 8 50
425 450 83
425 489 61
426 188 327
426 189 61
426 429 46
427 156 54
428 89 57
428 559 171
428 788 20
429 156 100
429 426 46
429 647 107
430 91 57
430 610 21
431 328 56
431 402 94
432 248 43
432 321 90
433 94 34
433 726 56
433 755 21
434 175 39
434 435 33
435 329 42
435 434 33
435 550 126
435 616 70
436 95 191
436 608 85
437 312 65
437 444 96
437 571 81
438 517 125
438 531 126
439 647 31
439 679 57
440 11 238
440 704 163
441 70 8
441 313 44
441 445 53
442 441 70
442 647 123
443 66 156
443 803 43
444 657 91
445 70 50
445 501 165
446 553 69
446 671 137
446 692 79
447 27 10
447 372 14
447 424 99
448 316 51
448 449 61
448 450 55
449 424 116
449 448 61
449 670 105
449 703 55
450 29 51
450 425 83
450 448 55
450 703 61
451 221 149
451 223 9
451 701 37
452 456 24
452 790 17
453 339 25
453 401 8
453 455 29
454 401 13
454 453 13
455 401 30
456 98 52
457 327 71
457 353 63
458 365 13
459 182 41
459 674 70
459 678 64
460 813 63
461 463 64
461 466 63
462 337 94
462 677 388
463 137 68
463 461 64
463 625 204
464 238 53
464 246 88
464 627 107
465 335 10
465 714 40
466 63 65
466 461 63
466 644 202
467 505 43
467 614 8
468 338 31
468 477 208
469 19 20
469 308 63
470 650 72
470 727 183
470 820 187
471 139 17
471 309 19
472 306 76
473 613 65
473 623 122
474 254 10
474 756 198
475 67 46
475 273 56
476 479 66
476 741 89
477 92 75
477 157 61
477 468 208
478 331 128
479 454 18
479 476 66
480 807 27
481 53 100
481 138 104
481 345 165
482 255 65
482 791 99
482 797 26
483 642 5
484 623 181
484 789 32
485 76 105
486 161 259
487 202 13
488 424 52
488 489 183
488 703 124
489 425 61
489 488 183
489 703 85
490 290 60
490 513 514
490 654 49
491 271 51
491 414 48
491 494 49
492 32 37
492 229 216
492 244 197
493 512 63
493 558 6
494 491 49
494 629 45
495 604 29
495 612 97
495 731 98
496 519 7
496 735 62
497 351 479
497 622 101
497 699 24
498 483 73
498 638 66
499 355 49
499 390 14
500 422 70
500 511 76
500 763 117
501 445 165
501 606 10
501 692 49
502 206 166
502 239 92
502 392 26
503 519 63
503 735 7
504 181 50
504 753 51
505 521 197
505 569 65
506 94 34
506 182 28
506 366 88
507 375 22
508 304 26
508 680 53
509 184 241
509 278 62
509 755 46
510 39 124
510 493 65
510 723 68
511 275 14
511 500 76
511 520 224
511 763 40
512 516 65
512 573 6
513 112 46
513 490 514
513 663 33
514 13 20
514 628 139
515 9 138
515 124 154
515 198 241
516 574 5
516 591 53
517 122 7
517 523 230
518 418 61
518 701 65
519 229 154
519 496 7
519 743 155
520 11 482
520 511 224
520 663 52
521 83 65
521 505 197
522 603 151
523 21 54
524 44 115
525 571 561
525 664 6
525 709 63
526 173 34
526 293 127
526 362 50
527 583 8
527 633 17
528 52 96
528 303 18
529 48 58
529 106 29
529 729 14
530 581 142
530 607 104
530 630 330
530 823 55
531 436 179
531 438 126
531 561 58
532 586 254
532 588 10
533 318 23
533 410 73
534 266 11
534 269 38
535 410 9
535 412 74
535 724 7
536 263 12
537 136 190
537 227 68
537 582 25
538 20 71
538 180 18
539 163 10
539 540 5
540 348 6
540 539 5
540 542 56
541 7 91
541 761 30
542 540 56
542 738 192
543 240 74
543 295 29
543 757 66
544 187 48
544 717 51
545 91 29
545 174 36
545 799 76
546 361 40
546 691 112
547 91 24
547 177 62
547 794 117
548 93 38
549 107 13
549 377 22
550 296 151
551 634 85
551 800 133
552 3 58
552 315 127
553 446 69
553 670 56
554 272 69
555 111 59
555 298 94
556 169 14
556 282 57
557 93 81
557 594 64
558 493 6
558 510 61
559 176 41
559 323 55
559 428 171
560 204 26
560 389 116
561 531 58
561 600 79
562 661 124
563 342 8
563 681 319
564 106 8
564 729 20
565 190 34
565 482 211
565 689 28
566 586 7
566 588 262
566 602 283
567 138 27
567 472 208
568 413 27
568 415 8
569 83 213
569 614 109
569 815 19
570 99 62
570 405 13
571 417 81
571 437 81
571 525 561
572 503 147
572 651 8
573 512 6
573 558 64
574 516 5
574 573 65
575 432 71
575 687 15
576 34 17
576 577 146
577 34 162
577 581 89
578 579 71
578 584 76
579 578 71
579 587 82
579 782 66
580 661 113
581 343 26
581 530 142
581 577 89
582 10 198
582 537 25
582 625 68
583 688 2
584 259 83
584 578 76
585 277 19
586 185 284
586 566 7
586 734 72
587 77 79
587 579 82
587 784 27
588 565 104
588 624 41
589 320 84
589 587 133
590 675 210
590 677 16
591 574 53
591 658 60
592 390 48
592 393 129
593 386 24
593 589 107
594 728 42
594 794 55
595 320 159
595 593 74
595 597 11
596 781 11
597 487 79
597 595 11
598 406 47
599 100 37
599 186 128
599 416 18
600 561 79
600 666 71
600 707 313
601 104 45
601 203 178
601 798 55
602 224 10
602 566 283
602 788 56
603 596 18
604 203 75
604 264 136
604 495 29
605 597 93
605 698 89
606 347 113
606 501 10
607 530 104
607 563 45
607 725 116
607 768 335
608 436 85
608 561 203
608 707 140
609 532 44
609 662 47
610 402 65
610 430 21
610 611 21
611 458 117
611 610 21
612 74 136
612 495 97
613 139 22
613 309 40
614 293 109
614 467 8
614 572 199
615 486 246
616 59 140
616 435 70
616 678 63
617 135 17
617 286 22
618 770 221
619 57 334
619 155 17
620 46 393
620 158 83
620 694 32
621 296 34
621 478 89
622 279 31
622 590 182
622 683 15
623 398 155
623 473 122
623 484 181
624 609 9
625 582 68
625 636 63
625 816 195
626 274 68
626 536 9
627 239 81
627 464 107
627 818 98
628 380 68
628 514 139
628 629 50
629 628 50
629 822 31
630 768 105
631 234 89
631 326 35
632 297 47
632 744 476
633 666 30
634 612 29
635 6 164
635 328 158
635 752 146
636 461 203
636 625 63
636 644 63
637 567 39
638 637 25
638 641 73
639 796 28
639 826 46
640 192 94
640 265 26
641 152 8
641 642 40
642 228 37
642 483 5
643 646 97
643 655 21
644 65 64
644 636 63
644 745 191
645 418 36
646 418 155
646 643 97
647 429 107
647 439 31
647 442 123
648 0 15
648 102 215
648 756 96
649 252 112
649 660 9
650 164 75
650 312 187
650 657 65
651 129 236
651 467 199
651 572 8
652 649 24
653 652 7
653 780 143
654 197 219
654 290 58
654 490 49
655 653 7
656 643 25
656 655 7
657 194 78
658 249 96
658 321 168
658 591 60
659 656 7
660 659 17
661 209 6
661 580 113
661 685 340
662 114 51
663 513 33
663 520 52
663 702 196
664 159 38
664 525 6
665 31 43
665 527 15
666 583 40
666 600 71
667 95 166
667 438 35
668 399 8
668 716 87
669 526 269
669 823 61
670 448 65
670 449 105
670 553 56
671 70 115
671 189 138
671 316 46
672 126 4
672 421 75
673 226 90
673 396 411
674 193 178
674 459 70
675 408 151
675 742 15
676 368 305
676 685 11
677 462 388
677 590 16
677 683 182
678 366 48
678 459 64
678 616 63
679 156 99
679 440 164
679 704 7
680 736 46
681 676 8
681 768 40
682 340 271
682 681 10
683 622 15
683 699 91
684 575 14
684 785 93
685 144 55
685 682 8
686 206 90
686 238 91
686 246 55
687 563 13
687 607 45
688 566 412
688 665 15
689 41 244
689 565 28
690 111 29
690 555 50
691 546 112
691 693 68
692 146 71
692 446 79
692 501 49
693 24 37
693 617 20
694 383 23
694 620 32
694 700 8
695 694 29
695 795 132
696 172 30
696 343 89
696 815 8
697 694 6
697 695 27
698 593 14
698 597 66
699 337 342
699 411 82
699 497 24
700 284 107
700 697 8
701 451 37
701 518 65
702 663 196
703 449 55
703 450 61
703 488 124
703 489 85
704 123 107
704 439 55
704 679 7
705 92 9
705 396 244
706 63 182
707 600 313
707 608 140
707 788 166
708 48 57
708 718 66
708 811 17
709 721 12
710 711 8
710 734 63
711 710 8
711 829 92
712 742 153
713 111 10
713 564 241
714 120 10
714 713 142
715 711 99
716 668 87
716 751 141
717 544 51
718 101 61
718 708 66
718 764 205
719 538 18
719 712 117
720 344 47
720 498 82
721 80 86
721 739 9
722 153 102
722 396 26
723 16 71
723 352 73
723 510 68
724 204 91
724 318 63
724 535 7
725 607 116
725 669 104
725 727 99
726 433 56
727 312 72
727 470 183
727 725 99
728 299 72
728 491 14
729 251 55
729 529 14
730 100 18
730 416 37
730 824 276
731 264 172
731 551 165
732 86 81
732 346 156
733 664 62
733 709 8
734 68 224
734 586 72
734 710 63
735 503 7
735 651 147
735 802 193
736 360 141
737 143 176
737 738 6
738 105 10
738 542 192
738 740 5
739 766 15
740 105 11
740 277 80
741 332 175
741 350 98
741 476 89
741 826 120
742 675 15
742 677 207
742 801 7
743 517 10
743 667 90
743 762 239
744 632 476
744 811 375
745 49 63
745 783 63
746 22 198
746 281 37
747 156 84
747 291 70
748 107 71
748 108 21
749 824 5
749 828 8
750 108 17
750 814 25
751 207 60
751 716 141
752 175 188
752 635 146
752 753 28
753 504 51
753 752 28
753 759 24
754 733 21
755 375 75
755 433 21
755 509 46
756 12 8
756 648 96
757 85 83
757 403 40
757 543 66
758 324 47
758 406 81
759 276 23
759 753 24
759 760 44
760 759 44
760 767 16
761 169 72
761 541 30
762 95 93
762 337 496
762 338 473
762 743 239
763 500 117
763 511 40
763 764 61
764 423 86
764 529 128
764 718 205
765 548 37
766 101 48
766 777 9
767 52 146
767 330 143
767 760 16
768 127 304
768 676 37
769 186 54
769 550 32
770 217 79
771 198 330
771 773 35
772 322 78
772 774 6
773 251 159
773 771 35
774 141 61
774 772 6
774 779 29
775 568 29
775 673 537
776 81 17
776 754 7
777 776 9
778 347 8
778 606 121
779 141 264
779 160 114
779 778 9
780 233 6
780 285 40
781 209 148
781 562 21
781 603 20
782 320 65
782 579 66
783 636 193
783 745 63
783 816 63
784 386 238
784 587 27
785 238 104
785 818 156
786 154 37
786 300 17
787 241 7
787 628 118
788 428 20
788 707 166
789 452 7
790 395 97
790 456 19
790 793 120
791 482 99
792 395 42
792 576 35
793 301 46
793 443 88
793 790 120
794 177 62
794 299 35
794 594 55
795 351 21
795 695 132
796 265 5
796 640 27
796 810 38
797 307 78
797 482 26
798 74 71
798 419 29
798 601 55
799 804 32
799 805 27
800 212 59
800 478 55
801 462 334
801 742 7
802 122 201
802 523 75
802 735 193
803 301 84
804 174 71
804 364 112
804 799 32
805 91 82
805 327 13
805 799 27
806 150 104
806 170 9
806 171 7
807 385 116
807 615 183
808 56 6
808 365 27
809 354 67
810 810 218
810 796 38
811 115 65
811 708 17
811 744 375
812 353 40
812 808 42
813 227 68
814 270 63
814 378 12
815 569 19
815 696 8
816 10 65
816 783 63
817 19 119
817 235 58
817 379 195
818 249 13
818 627 98
819 39 196
819 166 36
820 325 13
820 362 44
820 470 187
821 217 5
822 271 29
822 629 31
823 243 83
823 530 55
823 669 61
824 668 31
824 730 276
824 749 5
825 118 56
825 524 167
826 639 46
826 741 120
827 30 12
827 280 291
828 264 82
828 824 7
829 0 73
829 711 92
333
795
