1786 788 717 487 4
0 287 56
0 568 203
0 680 12
1 514 229
2 17 102
2 288 55
2 345 62
3 416 63
3 417 107
3 425 53
3 426 26
4 1 15
4 97 24
4 251 9
5 8 28
5 424 54
5 451 77
6 542 64
7 12 31
7 63 11
7 566 86
8 5 28
8 9 6
8 393 71
9 8 6
9 781 31
10 16 59
10 82 48
10 581 148
10 738 73
11 53 86
11 503 81
11 678 174
12 7 31
13 33 57
13 214 31
13 595 33
14 287 63
14 723 247
15 59 164
15 549 5
16 10 59
16 83 9
16 461 287
16 600 31
17 2 102
17 348 56
17 457 59
18 366 121
19 103 183
19 366 80
20 346 43
20 378 82
20 563 44
21 221 31
21 331 56
22 265 100
22 458 162
22 546 30
22 565 64
23 221 10
24 235 59
24 362 174
24 540 212
25 49 34
26 28 10
26 218 38
26 603 351
27 56 34
27 393 127
28 26 10
28 453 424
28 717 24
29 423 68
30 31 69
30 423 29
30 525 27
31 30 69
32 595 54
33 13 57
34 99 33
34 102 58
35 233 55
36 350 86
37 193 12
37 268 52
37 295 18
38 424 72
39 353 42
39 414 220
39 521 59
40 418 31
40 766 81
41 42 6
41 374 157
42 47 14
42 561 595
43 44 63
43 222 26
43 347 78
44 43 63
44 513 53
44 619 23
45 116 93
45 689 130
45 782 342
46 41 14
47 46 6
47 61 42
48 610 29
48 772 61
49 25 34
49 209 28
49 211 37
50 687 140
50 765 62
51 211 28
51 580 79
51 775 52
52 131 127
52 638 66
52 699 71
53 11 86
54 269 7
54 765 13
55 64 31
55 301 40
56 64 10
57 72 76
58 62 12
58 459 16
59 15 164
59 46 42
59 61 7
60 38 34
60 267 52
61 59 7
62 560 74
63 7 11
63 660 102
63 777 107
64 95 47
65 67 19
65 183 20
66 66 91
66 443 24
67 70 17
67 562 12
68 47 626
68 65 16
69 154 74
69 249 39
69 614 41
70 68 20
70 73 20
71 109 8
71 538 22
72 57 76
72 88 329
72 394 37
73 720 188
74 216 49
74 285 171
74 746 43
75 55 489
75 81 20
76 137 52
76 329 45
76 606 180
76 626 53
77 88 11
77 762 337
78 339 19
78 397 53
78 677 105
79 75 21
79 518 515
80 82 63
81 79 14
81 130 1511
82 10 48
82 80 63
82 83 36
83 16 9
83 82 36
83 187 45
84 55 45
84 81 486
85 544 41
85 616 46
86 197 51
86 606 24
87 317 45
87 445 89
88 72 329
88 77 11
88 394 262
89 91 107
89 688 188
89 758 31
90 98 41
90 337 46
91 706 49
92 71 87
93 94 49
93 544 25
94 93 49
94 429 25
95 84 31
95 229 176
96 92 23
96 612 18
97 1 28
97 4 24
97 410 76
98 236 2
98 337 15
99 236 20
99 615 8
100 34 32
100 99 7
101 419 91
101 426 17
102 103 36
102 615 92
103 19 183
103 102 36
103 208 63
103 664 17
104 248 43
104 338 41
105 313 38
105 384 53
106 58 16
106 62 20
107 54 16
107 269 18
107 459 17
108 176 38
108 398 38
108 677 53
109 239 9
109 745 414
110 111 23
110 740 8
111 740 22
111 753 20
112 134 68
113 237 8
114 118 53
114 336 37
115 225 487
115 415 9
116 45 93
116 305 14
117 114 61
117 118 8
118 117 8
118 367 113
118 541 94
119 123 59
119 151 42
119 496 115
120 127 171
120 411 29
121 411 53
121 601 58
121 750 19
122 343 163
122 520 63
123 119 59
123 124 46
124 123 46
124 205 8
125 126 15
125 129 273
126 169 12
126 190 21
126 247 24
127 120 171
127 237 218
128 169 42
128 388 142
129 79 1507
129 130 53
130 96 335
130 135 28
131 52 127
131 699 67
131 701 59
132 432 49
132 439 18
132 441 43
133 129 26
133 167 250
134 112 68
134 148 50
134 204 17
135 26 1219
135 133 54
136 552 24
137 76 52
137 260 48
137 277 50
138 249 64
139 141 67
139 144 30
139 621 31
140 143 5
140 388 31
141 139 67
141 145 30
141 622 79
142 230 97
142 286 20
142 491 53
143 306 15
144 139 30
144 145 67
144 710 89
145 141 30
145 144 67
145 710 43
146 385 152
146 733 53
146 771 59
147 495 88
148 134 50
148 284 27
148 289 66
148 401 62
149 178 56
150 597 63
151 119 42
151 163 115
151 576 81
151 752 110
152 154 108
152 264 147
152 554 38
153 774 43
154 69 74
154 152 108
154 604 39
155 345 80
155 457 278
155 480 28
156 703 71
157 338 53
158 174 52
158 677 27
158 731 54
159 649 100
160 162 48
160 722 15
160 725 259
161 175 54
161 412 52
161 556 109
162 160 48
162 559 251
162 776 544
163 151 115
163 523 82
163 524 66
164 166 32
164 354 113
164 428 30
165 496 17
166 164 32
167 126 22
167 247 23
168 579 66
169 190 12
169 433 125
170 331 4
170 770 39
170 775 89
171 346 50
172 357 35
172 521 54
172 551 203
173 258 100
173 285 46
173 767 103
174 158 52
174 397 129
174 746 94
175 161 54
175 553 43
175 731 17
176 108 38
177 115 117
177 433 60
178 149 56
178 380 129
179 358 74
180 361 74
181 627 62
181 772 17
182 787 59
183 107 73
184 214 72
185 713 35
186 777 54
187 83 45
187 682 151
187 716 53
188 244 62
188 338 42
188 600 73
189 277 167
189 536 76
189 552 87
190 125 10
190 191 278
190 541 296
191 507 72
191 736 9
192 498 19
192 500 22
192 735 11
193 37 12
193 295 16
193 769 84
194 410 66
195 577 66
195 696 71
196 85 43
196 616 15
197 196 15
198 774 88
199 199 136
199 578 34
200 295 20
201 516 9
201 640 208
202 268 49
203 497 168
204 134 17
205 124 8
206 349 79
206 404 101
207 442 44
208 103 63
208 480 128
208 751 30
209 49 28
210 351 50
210 443 32
210 640 274
210 652 49
211 49 37
211 51 28
211 512 68
212 213 40
212 352 45
212 609 215
213 212 40
213 422 41
213 657 95
214 13 31
214 184 72
214 358 34
215 256 135
215 356 82
215 357 73
215 717 68
216 74 49
216 258 89
216 486 32
217 486 57
218 26 38
218 526 65
218 536 137
219 293 60
219 450 212
219 755 136
220 399 27
221 21 31
221 23 10
221 309 55
222 43 26
223 411 55
223 571 9
224 225 11
224 415 474
224 545 474
225 113 20
226 360 263
226 446 238
226 713 788
226 775 362
227 598 8
228 84 177
228 229 20
228 271 76
229 228 20
229 230 228
229 243 102
230 142 97
230 234 234
230 744 14
231 342 49
232 243 48
233 35 55
233 579 238
233 747 81
234 355 97
234 464 176
234 747 14
235 24 59
235 362 54
235 503 11
236 100 20
236 647 296
236 653 3
237 113 8
237 127 218
237 224 28
238 314 97
239 110 9
239 240 9
239 611 422
240 71 9
240 239 9
240 653 110
241 242 9
241 608 43
241 742 11
242 241 9
243 229 102
243 232 48
243 787 20
244 244 54
244 188 62
245 490 75
246 246 357
246 490 38
247 128 16
248 104 43
248 308 21
249 69 39
249 138 64
249 250 30
250 249 30
250 389 31
250 623 68
251 4 9
251 732 7
252 4 26
252 97 36
253 260 26
254 255 24
255 254 24
255 257 42
255 552 42
256 215 135
256 530 80
256 717 178
257 255 42
257 259 25
257 260 40
258 173 100
258 216 89
258 315 170
259 257 25
260 137 48
260 253 26
260 257 40
261 291 37
262 398 20
263 265 30
264 152 147
264 721 41
265 22 100
265 263 30
265 435 44
266 524 150
266 564 115
267 38 84
267 77 82
268 37 52
268 202 49
268 768 62
269 50 53
270 404 40
271 228 76
271 579 232
271 734 66
272 628 66
273 303 5
273 466 26
274 747 195
275 686 58
275 714 212
276 290 36
276 578 36
276 719 42
277 137 50
277 189 167
277 728 35
278 279 95
279 278 95
279 280 6
279 697 73
280 279 6
280 648 58
280 650 256
281 340 14
281 724 146
282 659 55
283 499 209
284 148 27
284 289 47
284 497 255
285 173 46
285 397 49
286 142 20
286 632 58
287 0 56
287 14 63
288 2 55
288 348 101
288 458 31
289 148 66
289 284 47
289 497 65
290 276 36
291 261 37
291 375 22
292 768 46
293 219 60
293 322 54
293 431 122
293 675 66
294 323 236
294 342 115
295 37 18
295 193 16
295 200 20
296 434 5
296 435 19
296 719 30
297 296 23
297 741 91
298 416 34
298 425 67
298 551 66
298 754 145
299 526 135
299 536 65
299 555 62
300 322 127
300 431 55
300 555 10
301 27 11
301 494 23
302 140 12
302 380 83
303 302 13
304 469 94
304 582 35
304 671 20
305 116 14
305 307 33
305 783 32
306 273 11
306 726 71
307 305 33
308 248 21
308 372 25
309 221 55
309 331 28
309 334 35
310 311 3
310 685 47
311 310 3
312 313 10
312 553 53
313 105 38
313 312 10
313 556 51
314 238 97
314 538 46
314 759 121
315 258 170
315 316 8
316 320 17
316 365 76
317 432 97
317 544 13
318 315 22
318 756 15
319 512 76
320 318 15
321 732 95
322 293 54
322 300 127
322 526 62
323 763 5
323 785 49
324 359 23
325 400 2
326 327 13
326 328 41
327 326 13
328 764 54
329 76 45
329 772 47
330 382 58
330 764 9
331 21 56
331 170 4
331 309 28
332 330 27
332 419 51
333 420 108
333 426 12
333 438 66
334 309 35
334 502 14
335 669 136
335 681 28
336 114 37
337 294 38
338 104 41
338 157 53
338 188 42
339 341 77
339 741 7
340 539 17
340 729 8
341 339 77
341 447 49
341 449 48
342 231 49
342 668 215
343 122 163
343 461 14
344 456 17
344 535 69
345 2 62
345 155 80
345 457 102
346 20 43
346 171 50
347 43 78
347 370 131
347 681 66
348 17 56
348 288 101
348 546 62
349 206 79
349 583 26
349 738 63
350 36 86
350 488 9
350 656 95
351 210 50
351 352 16
351 718 253
352 160 248
352 212 45
352 351 16
353 39 42
353 377 73
353 407 99
354 164 113
354 714 28
354 758 77
355 234 97
355 527 20
356 215 82
356 377 94
356 521 72
356 530 113
357 172 35
357 215 73
357 421 200
358 179 74
358 214 34
358 361 31
359 324 23
359 527 60
360 226 263
360 489 128
361 180 74
361 358 31
361 525 26
362 24 174
362 235 54
362 499 10
363 523 61
363 574 115
364 370 79
365 316 76
365 486 51
366 19 80
367 118 113
368 369 6
368 371 20
369 42 149
369 374 6
370 347 131
370 364 79
370 418 75
370 513 57
371 369 21
371 683 39
372 308 25
373 391 47
374 368 7
374 674 31
375 48 29
375 610 5
376 405 56
377 353 73
377 356 94
377 399 70
378 20 82
379 424 82
380 178 129
380 302 83
380 437 112
381 565 46
382 327 37
382 330 178
383 537 22
383 731 146
383 746 55
384 105 53
385 675 59
385 755 87
386 447 159
387 451 46
387 461 44
387 781 18
388 128 142
388 143 31
389 250 31
389 533 32
389 630 68
390 749 30
391 373 47
391 418 65
391 665 33
392 455 81
392 543 55
393 9 67
393 60 116
393 394 9
394 56 141
394 72 37
394 393 9
395 396 56
396 395 56
396 528 26
396 543 36
397 78 53
397 174 129
397 285 49
398 108 38
398 262 20
398 510 53
399 220 27
399 377 70
399 528 66
400 325 2
400 504 58
401 148 62
402 403 35
402 568 50
403 402 35
403 680 91
404 206 101
404 270 40
404 628 68
404 738 59
405 376 56
405 437 57
406 407 58
406 764 244
407 353 99
407 406 58
407 409 118
408 766 40
409 407 118
409 414 47
409 417 82
410 97 76
410 194 66
410 547 67
411 120 29
411 121 53
411 223 55
412 161 52
413 115 8
413 177 118
414 39 220
414 409 47
414 416 57
415 413 9
415 545 9
416 3 63
416 298 34
416 414 57
416 754 149
417 3 107
417 409 82
417 419 28
418 40 31
418 370 75
418 391 65
419 101 91
419 332 51
419 417 28
419 420 9
420 333 108
420 419 9
420 727 64
421 357 200
421 427 68
421 430 65
421 551 38
422 213 41
422 595 73
422 779 11
423 29 68
423 30 29
423 710 32
424 5 54
424 379 82
425 3 53
425 298 67
425 430 101
426 3 26
426 101 17
426 333 12
426 429 59
427 421 68
427 430 121
427 717 272
428 164 30
429 94 25
429 426 59
429 432 12
430 421 65
430 425 101
430 427 121
430 544 25
431 293 122
431 300 55
431 557 17
432 132 49
432 429 12
433 177 60
433 190 120
434 296 5
434 297 24
435 265 44
435 434 20
436 438 62
436 727 46
437 380 112
437 405 57
438 333 66
438 436 62
438 439 52
439 132 18
439 438 52
439 448 148
440 601 87
440 685 9
441 132 43
441 442 35
442 207 44
442 441 35
442 445 58
443 66 24
443 210 32
443 658 253
444 511 93
444 580 56
444 581 45
445 87 89
445 442 58
446 226 238
447 341 49
447 386 159
447 587 48
448 439 148
449 341 48
449 471 68
449 587 53
450 219 212
451 5 77
451 387 46
451 522 51
452 719 19
453 133 799
453 563 276
454 703 44
455 392 81
456 757 19
457 17 59
457 155 278
457 345 102
457 546 177
458 18 63
458 22 162
458 288 31
458 664 60
459 54 7
459 698 17
460 624 71
460 642 66
460 643 77
461 16 287
461 343 14
461 387 44
461 494 106
462 463 33
463 462 33
463 468 52
463 474 73
464 467 68
464 535 130
464 602 51
465 472 53
466 303 26
466 786 96
467 344 6
468 463 52
469 304 94
470 476 20
471 449 68
472 465 53
472 474 163
473 575 61
474 463 73
474 472 163
474 475 56
474 492 112
475 474 56
475 477 34
475 493 123
476 470 20
476 479 100
476 592 15
477 475 34
477 478 34
477 482 30
478 477 34
478 479 28
478 483 31
479 476 100
479 478 28
479 481 3
480 155 28
480 208 128
481 479 3
481 485 32
481 658 52
482 477 30
483 478 31
484 515 36
484 637 59
484 705 94
485 481 32
486 216 32
486 217 57
486 365 51
486 537 63
487 488 92
487 654 8
487 656 9
488 350 9
488 487 92
488 489 18
488 505 8
489 360 128
489 488 18
490 245 75
490 246 38
490 726 53
491 142 53
492 474 112
492 493 37
493 475 123
493 492 37
494 27 15
494 301 23
494 461 106
495 147 88
495 690 27
495 724 13
496 119 115
496 165 17
497 203 168
497 284 255
497 289 65
497 669 32
498 281 63
499 283 209
499 362 10
499 725 41
500 192 22
500 498 28
500 711 75
501 670 37
501 676 120
501 685 180
502 334 14
502 504 16
503 11 81
503 235 11
503 629 191
504 400 58
504 502 16
505 488 8
505 650 231
506 192 20
506 735 18
507 192 21
507 500 32
508 693 28
509 666 62
510 398 53
511 444 93
512 211 68
512 319 76
513 44 53
513 370 57
513 529 98
514 517 17
514 532 76
514 567 97
515 484 36
516 201 9
517 514 17
517 590 219
518 70 19
518 73 19
519 535 67
520 122 63
521 39 59
521 172 54
521 356 72
521 754 71
522 451 51
523 163 82
523 363 61
523 576 116
524 163 66
524 266 150
524 564 50
525 30 27
525 361 26
525 649 9
526 218 65
526 299 135
526 322 62
527 355 20
527 359 60
528 396 26
528 399 66
528 530 32
529 513 98
530 256 80
530 356 113
530 528 32
531 532 143
532 514 76
532 531 143
532 534 18
533 389 32
533 633 67
533 748 44
534 532 18
535 456 61
535 464 130
535 519 67
536 189 76
536 218 137
536 299 65
537 383 22
537 486 63
538 109 22
538 314 46
539 517 120
540 24 212
541 190 296
541 413 9
541 545 8
542 6 64
542 564 21
542 570 58
543 392 55
543 396 36
544 85 41
544 93 25
544 317 13
544 430 25
545 117 94
545 224 474
545 541 8
546 22 30
546 348 62
546 457 177
547 410 67
548 565 55
549 15 5
549 773 26
550 707 245
550 712 68
550 715 76
551 172 203
551 298 66
551 421 38
552 136 24
552 189 87
552 255 42
553 175 43
553 312 53
554 152 38
555 299 62
555 300 10
555 557 54
556 161 109
556 313 51
557 431 17
557 555 54
557 728 46
558 588 38
559 162 251
559 776 39
560 67 22
560 562 28
561 65 23
561 183 23
562 75 539
563 20 44
563 587 130
564 266 115
564 524 50
564 542 21
564 687 146
565 22 64
565 381 46
565 548 55
566 7 86
566 737 45
566 778 58
567 594 31
567 729 29
568 0 203
568 402 50
568 726 11
569 577 129
569 635 123
569 700 70
570 542 58
570 575 50
571 223 9
571 601 72
572 591 41
573 576 86
574 363 115
574 576 60
575 473 61
575 570 50
575 584 57
575 613 70
576 151 81
576 523 116
576 573 86
576 574 60
577 195 66
577 569 129
577 697 66
578 199 34
578 276 36
578 774 56
579 168 66
579 233 238
579 271 232
579 744 82
580 51 79
580 444 56
580 618 85
581 10 148
581 444 45
581 583 12
581 775 196
582 304 35
582 711 91
582 758 8
583 349 26
583 581 12
583 761 31
584 575 57
584 588 6
584 617 68
585 100 297
585 647 12
586 585 5
587 447 48
587 449 53
587 563 130
588 558 38
588 584 6
588 591 65
589 599 19
590 251 25
590 732 24
591 572 41
591 588 65
591 596 6
592 476 15
593 736 41
593 777 88
593 778 59
594 506 49
595 13 33
595 32 54
595 422 73
596 591 6
596 597 34
596 607 279
597 150 63
597 596 34
597 599 7
598 227 8
598 739 35
599 589 19
599 597 7
599 607 66
600 16 31
600 188 73
600 695 62
601 121 58
601 440 87
601 571 72
602 274 44
602 605 15
603 86 46
603 197 15
604 154 39
604 609 20
604 720 50
605 467 10
605 602 15
605 608 40
606 76 180
606 86 24
606 642 53
607 596 279
607 599 66
607 679 37
608 241 43
608 605 40
608 611 10
609 212 215
609 604 20
609 614 54
610 291 22
610 375 5
610 771 33
611 239 422
611 608 10
611 745 15
612 92 19
612 653 16
613 575 70
614 69 41
614 609 54
614 620 27
615 135 345
615 612 22
616 28 353
616 603 14
617 584 68
618 580 85
619 44 23
620 614 27
620 634 97
620 708 115
621 139 31
621 622 17
621 748 25
622 141 79
622 621 17
622 749 24
623 250 68
624 460 71
624 626 42
624 644 113
625 626 65
625 627 2
625 645 152
626 76 53
626 624 42
626 625 65
627 181 62
627 625 2
628 272 66
628 404 68
629 503 191
630 389 68
631 655 151
631 683 321
631 687 63
632 286 58
633 533 67
634 620 97
634 708 92
635 569 123
635 638 64
635 699 67
636 636 182
636 680 53
637 484 59
637 639 94
638 52 66
638 635 64
638 650 81
638 700 123
639 637 94
639 641 59
639 705 60
640 201 208
640 210 274
640 676 159
641 639 59
641 648 102
641 752 134
642 460 66
642 606 53
642 643 118
643 460 77
643 642 118
643 644 79
644 624 113
644 643 79
644 645 41
645 625 152
645 644 41
646 586 12
646 647 6
647 236 296
647 323 12
647 646 6
648 280 58
648 641 102
648 651 18
648 654 251
649 159 100
649 525 9
649 684 69
650 280 256
650 505 231
650 638 81
650 654 60
651 648 18
651 659 266
652 210 49
652 663 69
653 98 1
653 236 3
653 240 110
654 487 8
654 505 90
654 650 60
655 655 87
655 631 151
656 487 9
656 651 244
656 659 86
657 213 95
658 443 253
658 481 52
658 718 37
659 282 55
659 651 266
659 656 86
659 669 103
660 63 102
661 662 11
662 661 11
662 666 291
662 786 37
663 652 69
663 676 364
664 103 17
664 458 60
665 391 33
666 509 62
666 662 291
666 667 10
667 661 291
667 666 10
668 342 215
668 703 74
668 753 23
669 335 136
669 497 32
669 659 103
669 768 32
670 501 37
670 782 178
671 304 20
672 673 52
673 672 52
673 674 38
674 368 27
674 673 38
675 293 66
675 385 59
675 733 172
676 501 120
676 640 159
676 663 364
677 78 105
677 108 53
677 158 27
678 11 174
679 335 28
679 607 37
679 681 7
680 0 12
680 403 91
680 636 53
681 347 66
681 679 7
681 692 116
682 187 151
683 371 39
683 631 321
683 687 265
684 649 69
685 310 47
685 440 9
685 501 180
686 275 58
686 688 54
686 714 216
687 50 140
687 564 146
687 631 63
687 683 265
688 89 188
688 686 54
688 689 31
689 45 130
689 688 31
689 690 72
690 495 27
690 689 72
690 694 13
691 679 108
691 692 13
692 106 133
692 691 13
692 707 90
693 508 28
693 696 61
694 690 13
694 722 226
695 695 53
695 600 62
696 195 71
696 693 61
696 697 65
697 279 73
697 577 66
697 696 65
697 700 129
698 58 13
698 691 140
699 52 71
699 131 67
699 635 67
700 569 70
700 638 123
700 697 129
701 131 59
701 702 18
701 704 42
702 701 18
703 156 71
703 454 44
703 668 74
704 701 42
705 484 94
705 639 60
705 752 28
706 91 49
706 711 17
707 550 245
707 692 90
707 712 292
708 620 115
708 634 92
708 779 20
709 770 19
710 144 89
710 145 43
710 423 32
711 500 75
711 582 91
711 706 17
712 550 68
712 707 292
712 713 34
713 185 35
713 226 788
713 712 34
714 275 212
714 354 28
714 686 216
715 715 96
715 550 76
716 187 53
717 28 24
717 215 68
717 256 178
717 427 272
718 68 210
718 658 37
718 720 17
719 276 42
719 296 30
719 452 19
720 352 250
720 604 50
720 718 17
721 264 41
722 160 15
722 351 249
722 783 95
723 14 247
723 786 154
724 495 13
724 694 31
724 725 15
725 499 41
725 724 15
725 760 107
726 306 71
726 490 53
726 568 11
727 420 64
727 436 46
728 277 35
728 557 46
728 733 39
729 281 14
729 594 19
730 241 14
730 252 278
731 158 54
731 175 17
731 383 146
732 251 7
732 321 95
732 742 305
733 146 53
733 675 172
733 728 39
734 271 66
735 736 93
736 191 9
736 593 41
736 737 122
737 125 155
737 566 45
738 10 73
738 349 63
738 404 59
739 110 177
739 598 35
740 90 68
740 240 10
741 78 19
741 297 91
741 339 7
742 743 6
743 274 60
743 605 18
744 228 230
744 230 14
744 579 82
745 730 34
746 74 43
746 174 94
746 383 55
747 233 81
747 234 14
747 744 235
748 533 44
748 621 25
748 749 18
749 390 30
749 622 24
749 748 18
750 121 19
751 208 30
752 151 110
752 641 134
752 705 28
753 111 20
753 598 218
753 668 23
754 298 145
754 416 149
754 521 71
755 219 136
755 756 30
756 318 15
756 755 30
757 611 13
757 739 261
758 89 31
758 354 77
758 582 8
759 314 121
760 340 26
760 539 29
761 583 31
762 372 62
763 646 12
764 330 9
764 332 24
764 406 244
765 698 15
766 40 81
766 408 40
767 767 144
767 173 103
768 268 62
768 292 46
768 669 32
769 193 84
770 170 39
770 709 19
771 146 59
771 610 33
772 48 61
772 181 17
772 329 47
773 15 27
774 153 43
774 198 88
774 578 56
775 51 52
775 170 89
775 226 362
775 581 196
776 162 544
776 559 39
777 63 107
777 186 54
777 593 88
778 566 58
778 593 59
778 784 59
779 422 11
779 708 20
779 780 14
780 779 14
781 8 36
781 387 18
782 45 342
782 670 178
782 783 134
783 305 32
783 722 95
783 782 134
784 778 59
785 763 51
786 466 96
786 662 37
786 723 154
787 182 59
787 243 20
66 108 692 699 719
69 127 191 657 718
134 336 454 680 725
282 460 499 508 695
