380 181 132 75 2
0 35 73
0 49 62
0 164 42
1 36 107
1 122 109
1 139 37
2 4 28
2 62 54
2 82 77
3 91 170
3 123 11
4 2 28
4 6 6
4 31 71
5 28 77
5 54 148
5 163 65
6 4 6
6 175 31
7 11 20
7 41 100
7 96 257
8 12 59
8 23 148
8 68 48
8 119 73
9 13 51
10 33 81
11 7 20
11 174 24
12 8 59
12 35 31
12 70 9
12 97 287
13 9 51
13 74 24
13 105 42
14 30 37
14 155 17
15 113 319
15 153 140
15 176 39
16 33 35
17 19 21
17 142 18
18 56 37
18 62 82
18 106 64
19 17 21
19 158 106
20 84 232
20 129 82
20 150 66
21 72 56
22 31 127
22 45 34
23 8 148
23 24 12
23 72 45
23 170 196
24 23 12
24 151 31
24 179 26
25 82 46
25 97 44
25 175 18
26 101 284
27 62 72
28 5 77
28 105 68
28 146 45
29 109 86
29 116 90
29 169 104
30 14 39
30 157 117
31 6 67
31 32 9
31 47 116
32 31 9
32 45 141
32 60 37
33 10 81
33 16 35
33 55 40
33 173 122
34 133 627
35 0 73
35 12 31
35 88 62
36 1 107
37 38 20
37 71 177
37 84 76
38 37 20
38 39 228
38 48 102
39 42 234
39 111 97
39 129 14
40 48 48
41 7 100
41 157 169
42 131 14
43 51 31
43 110 40
44 52 68
44 83 40
44 119 59
45 51 10
46 60 76
47 27 34
47 79 52
48 38 102
48 40 48
48 178 20
49 49 54
49 0 62
50 87 43
50 125 21
51 80 47
51 107 411
52 44 68
53 94 58
53 145 63
54 5 148
55 33 40
55 75 25
55 89 36
56 18 37
57 58 61
57 78 77
57 81 75
58 57 61
58 75 167
58 78 67
58 85 92
59 61 118
60 32 37
60 46 76
60 76 329
61 59 118
61 126 45
61 168 5
62 2 54
62 18 82
63 43 489
63 69 20
64 76 11
65 116 161
66 63 21
67 68 63
68 8 48
68 67 63
68 70 36
69 66 14
70 12 9
70 68 36
70 180 45
71 43 45
71 69 486
72 21 56
72 23 45
73 152 69
73 156 27
74 13 24
74 75 41
74 103 75
75 55 25
75 58 167
75 74 41
76 32 262
76 60 329
76 64 11
77 152 18
78 57 77
78 58 67
79 27 84
79 64 82
80 38 176
80 71 31
81 57 75
81 99 29
81 146 94
82 2 77
82 25 46
82 166 51
83 44 40
84 20 232
84 37 76
84 109 235
84 116 66
85 58 92
85 160 70
85 180 151
86 132 8
86 159 431
86 177 15
87 50 43
87 164 41
88 88 53
88 35 62
89 55 36
90 93 15
90 142 100
91 135 205
91 148 74
92 109 29
93 90 15
93 104 191
93 137 120
94 53 58
94 111 20
95 98 5
95 101 43
95 161 203
96 7 257
96 100 217
97 12 287
97 25 44
97 144 106
97 173 14
98 95 5
98 122 36
98 143 32
99 81 29
100 96 217
100 176 526
101 26 284
101 98 44
102 180 53
103 74 75
103 163 63
103 173 163
104 93 191
105 13 42
105 28 68
105 163 81
105 165 29
106 18 64
107 34 452
107 114 199
108 80 409
109 29 86
109 84 235
109 92 29
110 22 11
110 144 23
111 39 97
111 94 20
111 138 53
112 122 25
113 15 319
114 115 29
114 136 31
115 118 14
115 136 13
116 29 90
116 65 161
116 84 66
117 91 22
117 123 146
118 121 51
118 141 18
119 8 73
119 44 59
119 179 63
120 108 234
120 115 51
121 120 10
121 167 46
122 1 109
122 98 36
122 112 25
123 126 38
123 128 10
124 134 17
124 171 115
124 178 305
125 50 21
126 61 45
126 128 38
127 108 465
127 121 222
128 3 11
128 130 38
129 20 82
129 37 230
129 39 14
130 3 43
130 143 88
131 42 14
131 129 235
132 86 8
133 148 205
134 124 17
134 145 45
135 127 611
136 90 124
137 118 18
137 141 28
138 111 53
139 1 37
140 164 53
141 34 194
142 17 18
142 93 101
143 95 32
143 130 88
144 22 15
144 97 106
144 110 23
145 53 63
145 134 45
146 28 45
146 81 94
146 147 36
147 146 36
148 15 143
148 153 15
149 159 304
150 20 66
151 24 31
152 73 69
152 77 18
153 162 55
154 155 98
155 14 17
155 154 98
156 73 27
156 158 29
157 30 117
157 41 169
157 159 432
158 19 106
158 156 29
159 86 431
159 149 304
159 157 432
159 176 273
160 85 70
161 95 203
161 172 67
162 91 24
162 117 38
163 5 65
163 103 63
163 105 81
164 0 42
164 87 41
164 140 53
165 105 29
166 82 51
167 120 47
168 61 5
169 29 104
170 23 196
171 124 115
171 178 59
172 161 67
173 33 122
173 97 14
173 103 163
174 11 24
174 176 385
175 4 36
175 25 18
176 15 39
176 100 526
176 159 273
176 174 385
177 86 15
178 48 20
178 124 305
178 171 59
179 24 26
179 119 63
180 70 45
180 85 151
180 102 53
15 19 54 81 84 100 144 146 176 178
39 66 79 86 105 129 140 162 168 170
