655 305 166 9 3
0 120 88
0 159 197
1 94 11
2 219 15
2 274 58
2 289 207
3 162 14
3 219 30
4 33 15
4 148 127
4 180 101
5 25 30
5 31 28
5 293 146
6 282 74
7 85 313
8 48 21
9 245 8
10 143 66
10 184 14
11 87 152
11 181 290
11 193 230
12 178 6
13 170 6
14 111 124
14 139 73
14 297 73
15 16 47
16 15 47
16 38 18
16 279 51
17 18 62
17 95 88
17 204 110
18 17 62
18 58 59
18 198 111
19 145 7
20 22 109
20 44 18
20 287 83
21 44 84
21 137 189
21 287 18
22 20 109
22 185 213
22 287 173
23 215 321
23 286 8
24 46 63
24 202 97
24 297 67
25 5 30
25 208 97
25 293 122
26 31 113
26 265 138
26 288 17
27 164 6
28 217 10
29 72 203
29 226 112
29 273 68
30 43 73
30 271 69
31 5 28
31 26 113
31 265 28
32 52 234
32 274 106
32 291 82
33 4 15
33 55 28
33 267 28
34 142 29
34 194 15
35 67 58
36 53 88
36 218 12
36 294 140
37 102 32
38 16 18
38 221 24
38 223 66
39 111 57
39 282 34
40 289 6
41 199 61
42 124 7
42 178 153
42 224 7
43 30 73
43 200 221
44 20 18
44 21 84
44 183 86
45 71 44
45 126 176
45 217 114
46 24 63
46 125 104
46 295 66
47 23 112
47 166 9
48 78 19
48 186 87
49 51 13
49 66 65
49 67 117
50 208 6
51 49 13
51 76 55
51 160 96
52 32 234
52 120 100
52 159 87
53 47 20
53 90 641
54 138 50
55 33 28
55 288 29
56 57 145
56 106 184
56 302 288
57 56 145
57 119 55
57 252 43
58 18 59
58 96 153
59 69 57
59 208 35
59 283 193
60 299 37
61 65 47
61 80 55
61 252 34
62 70 5
62 276 66
62 298 113
63 64 168
63 101 28
63 270 30
64 63 168
64 270 138
64 292 158
65 61 47
65 66 32
65 225 40
66 49 65
66 65 32
66 242 56
67 35 58
67 49 117
67 155 88
68 222 86
68 281 44
69 59 57
69 101 57
69 283 134
70 62 5
71 40 9
71 84 63
72 29 203
72 106 15
72 158 41
72 226 42
73 105 146
73 151 79
73 229 53
74 127 53
74 268 554
75 193 442
75 246 19
75 250 22
76 76 82
76 51 55
77 212 86
78 47 646
78 90 21
79 256 329
80 80 84
80 61 55
81 187 122
82 163 44
82 281 8
83 286 142
84 40 60
84 163 55
85 196 71
85 275 73
86 9 347
87 11 152
87 146 102
87 181 147
88 177 40
89 269 105
90 8 18
91 93 57
91 101 56
91 134 133
92 173 19
93 91 57
93 118 57
93 128 133
94 179 17
95 17 88
95 118 133
95 128 60
96 58 153
96 122 60
97 266 37
98 92 4
99 136 10
99 278 228
100 215 8
100 286 321
101 63 28
101 69 57
101 91 56
101 192 134
102 88 21
103 106 42
103 122 31
103 226 19
103 273 180
104 175 330
104 253 13
105 73 146
105 112 75
105 151 70
106 56 184
106 72 15
106 103 42
107 152 13
108 158 33
109 53 10
109 218 87
110 34 203
111 14 124
111 39 57
112 105 75
112 117 86
112 151 154
113 172 16
114 124 153
114 178 8
115 115 88
115 252 41
116 155 74
117 112 86
118 93 57
118 95 133
118 121 47
119 119 83
119 57 55
120 0 88
120 52 100
121 118 47
121 122 59
121 204 42
122 96 60
122 103 31
122 121 59
122 198 41
123 232 65
123 277 70
124 42 7
124 107 306
125 46 104
125 257 22
125 303 58
126 45 176
127 50 217
127 161 34
128 93 133
128 95 60
128 134 55
129 139 103
129 254 347
129 258 140
130 140 23
131 255 10
131 272 60
132 136 51
132 209 19
133 168 121
133 218 18
133 248 77
133 254 121
134 91 133
134 128 55
134 192 56
135 7 92
135 130 139
136 99 10
136 132 51
136 236 323
137 21 189
137 238 74
137 239 35
138 54 50
138 77 137
138 260 14
139 14 73
139 129 103
139 211 88
139 282 94
140 9 158
141 3 18
141 277 62
142 43 75
142 193 81
143 184 64
143 299 42
144 229 243
144 258 9
145 19 7
145 149 7
145 263 119
146 87 102
146 181 251
146 229 101
147 199 50
147 207 57
148 4 127
148 180 28
148 191 30
149 145 7
149 216 138
150 280 164
151 73 79
151 105 70
151 112 154
152 104 15
153 154 74
154 153 74
154 155 21
154 285 59
155 67 88
155 116 74
155 154 21
156 144 17
156 240 9
157 182 11
157 191 92
157 203 116
158 72 41
158 108 33
158 290 55
159 0 197
159 52 87
159 274 64
160 51 96
160 284 11
160 301 176
161 131 382
161 304 78
162 243 48
163 84 55
163 281 48
164 175 14
165 189 5
166 74 710
166 109 20
167 239 124
168 133 121
168 294 283
168 295 68
169 34 13
169 79 39
170 13 6
170 171 8
170 174 81
171 114 84
171 170 8
172 110 181
172 256 123
173 1 21
174 145 138
174 190 7
174 216 7
175 10 5
176 165 17
176 264 491
177 214 15
178 12 6
178 114 8
178 170 84
179 98 32
179 210 132
180 4 101
180 148 28
180 265 28
181 11 290
181 87 147
181 146 251
182 157 11
182 203 180
182 267 32
183 44 86
183 185 9
183 294 97
184 176 5
185 20 85
185 22 213
185 183 9
186 37 55
187 113 123
187 244 57
188 260 98
189 27 13
189 220 34
190 174 7
191 148 30
191 157 92
191 203 26
192 101 134
192 134 56
192 283 56
193 11 230
193 75 442
193 194 89
194 169 13
194 259 354
195 196 86
195 233 23
196 77 8
196 275 23
197 150 11
198 18 111
198 122 41
198 204 60
199 41 61
199 147 50
199 221 155
200 30 134
200 201 64
201 227 91
201 271 114
202 24 97
202 211 75
202 257 52
203 157 116
203 182 180
203 191 26
204 17 110
204 121 42
204 198 60
205 206 88
206 205 88
206 298 101
207 147 57
208 25 97
208 50 6
208 59 35
208 161 215
209 132 19
210 230 6
211 139 88
211 202 75
211 297 87
212 195 8
212 213 67
213 195 67
214 78 82
214 186 24
215 100 8
215 262 121
216 171 81
216 174 7
217 28 10
217 45 114
217 247 56
218 36 12
218 133 18
219 2 15
219 162 35
220 27 34
221 38 24
221 199 155
221 298 6
222 68 86
223 38 66
224 42 7
225 225 88
225 65 40
226 29 112
226 72 42
226 103 19
227 201 91
227 271 176
227 274 117
228 165 490
228 264 13
229 73 53
229 144 243
229 146 101
230 136 234
230 278 19
231 130 252
232 45 44
232 71 7
233 140 475
233 231 203
234 272 176
235 239 49
236 276 67
236 296 10
237 99 319
237 236 11
238 137 74
239 137 35
239 167 124
239 235 49
240 109 559
241 42 294
241 107 14
242 242 77
242 66 56
243 113 95
244 97 524
244 141 101
245 197 120
246 75 19
246 249 49
246 250 21
247 217 56
248 133 77
248 295 110
248 303 19
249 246 49
250 75 22
250 246 21
250 261 149
251 98 133
251 210 31
252 57 43
252 61 34
252 115 41
253 241 30
254 129 347
254 133 121
254 257 107
254 303 31
255 169 356
255 259 12
256 81 100
256 160 277
257 125 22
257 202 52
257 254 107
258 129 140
258 144 9
258 240 17
259 131 12
259 304 402
260 138 14
260 188 98
261 250 149
262 149 119
262 263 11
263 100 122
263 262 11
264 251 8
265 26 138
265 31 28
265 180 28
266 86 1612
267 33 28
267 182 32
268 127 563
269 82 48
269 89 105
270 63 30
270 64 138
270 292 29
270 293 16
271 30 69
271 227 176
272 234 176
272 255 55
273 29 68
273 103 180
274 2 58
274 32 106
274 159 64
274 227 117
275 260 113
276 62 66
276 296 68
277 3 50
277 123 70
278 228 29
279 16 51
279 300 51
280 135 6
281 68 44
281 82 8
281 269 45
282 6 74
282 39 34
282 139 94
283 59 193
283 69 134
283 192 56
284 81 265
284 160 11
285 154 59
286 23 8
286 83 142
286 166 105
287 21 18
287 22 173
287 238 123
288 26 17
288 55 29
288 292 32
289 123 59
289 232 10
290 158 55
291 32 82
291 82 124
292 64 158
292 270 29
292 288 32
293 5 146
293 25 122
293 270 16
294 36 140
294 168 283
294 183 97
295 46 66
295 168 68
295 248 110
296 284 181
296 301 11
297 14 73
297 24 67
297 211 87
298 62 113
298 206 101
298 221 6
299 60 37
299 143 42
300 279 51
301 237 11
301 302 92
302 56 288
302 237 90
303 125 58
303 248 19
303 254 31
304 74 63
304 156 147
4 14 147 226 281
23 41 60 184 239
40 59 122 146 300
