567 263 18 163 9
0 152 179
0 255 46
1 23 137
1 222 14
2 196 18
3 7 30
3 165 109
3 167 128
4 55 263
5 100 58
5 120 45
6 35 61
6 231 173
6 232 7
7 3 30
7 23 6
7 148 19
8 242 29
9 139 106
9 168 72
9 253 33
10 57 15
11 175 14
11 181 10
11 199 10
12 29 60
12 30 22
12 89 28
13 22 67
13 36 67
13 242 155
14 15 19
15 81 44
16 202 30
16 228 114
16 243 44
17 208 12
18 4 14
19 145 36
19 180 31
19 228 53
20 10 18
20 80 21
21 138 265
22 13 67
22 64 34
22 213 202
23 7 6
23 222 129
24 85 36
24 256 95
25 60 239
26 14 484
26 133 34
26 210 12
27 41 92
28 168 130
28 185 53
29 12 60
29 30 40
29 200 65
30 12 22
30 29 40
30 215 123
31 203 93
32 69 8
32 233 28
33 59 91
33 62 34
33 83 48
34 85 99
34 256 13
35 6 61
35 230 25
36 13 67
36 191 155
37 74 196
37 105 71
38 37 59
38 105 13
39 54 44
39 209 62
40 66 36
40 128 142
40 164 42
41 27 92
41 42 28
41 68 24
42 41 28
42 43 100
42 68 23
43 42 100
44 47 29
44 199 530
45 140 91
45 156 13
46 72 174
46 260 14
47 175 498
47 183 24
47 219 45
48 75 29
48 134 11
49 70 312
49 86 331
49 201 58
50 133 107
51 72 12
51 260 175
52 51 63
53 116 29
53 117 60
53 258 12
54 39 44
55 20 73
55 57 50
56 142 5
56 158 14
57 18 311
58 56 14
58 244 222
59 33 91
60 58 370
60 134 370
61 149 46
62 33 34
62 67 26
62 124 22
63 63 73
63 223 136
64 22 34
64 114 78
64 262 81
65 96 46
65 131 65
66 40 36
66 129 74
66 163 118
66 229 217
67 62 26
67 93 109
67 124 17
68 41 24
68 42 23
68 95 46
69 32 8
69 46 160
70 103 61
70 121 8
70 161 54
71 256 58
72 143 13
73 139 79
74 37 196
74 92 45
74 101 11
75 110 627
76 78 7
76 186 29
77 131 37
77 168 47
78 76 7
78 151 143
79 44 20
80 26 484
81 90 37
81 259 110
82 235 86
83 33 48
83 104 80
83 189 201
84 91 13
84 118 158
85 207 50
86 49 331
86 201 144
86 222 133
87 124 63
88 79 22
89 12 28
90 238 44
91 34 159
91 38 12
92 24 40
93 67 109
93 179 81
93 202 97
94 88 202
94 95 110
95 68 46
95 88 95
96 65 46
97 243 29
98 126 140
98 241 164
98 261 161
99 115 14
99 167 35
99 235 75
99 241 176
100 5 58
100 119 14
100 209 126
101 74 11
101 152 9
101 219 241
102 249 28
103 121 62
103 261 416
104 83 80
105 84 12
105 153 322
106 125 48
106 150 144
106 234 73
107 151 7
107 154 8
107 216 67
108 188 37
109 25 63
109 111 41
109 254 9
110 144 8
110 190 30
111 25 44
111 110 13
112 254 29
113 217 36
113 218 36
114 64 78
114 129 159
114 186 53
115 99 14
115 165 25
115 241 181
116 53 29
117 53 60
117 216 20
117 226 151
118 1 69
118 123 13
118 148 224
119 100 14
119 205 34
119 213 29
120 205 24
120 208 101
121 49 321
121 70 8
121 247 45
122 122 96
122 127 50
123 91 157
123 118 13
124 62 22
124 67 17
124 87 63
125 106 48
126 98 140
126 192 53
126 258 83
127 122 50
127 164 66
127 220 158
127 250 89
128 40 142
128 163 23
128 250 302
129 66 74
129 114 159
129 192 112
130 139 76
131 65 65
131 77 37
132 132 68
132 223 23
133 26 34
133 50 107
133 224 455
134 58 8
134 142 15
135 176 9
135 177 55
136 10 26
137 135 13
138 21 265
138 192 208
138 220 38
139 9 106
139 73 79
139 130 76
140 156 82
141 48 81
141 160 15
142 230 11
143 51 10
143 52 63
144 170 13
145 19 36
146 148 42
146 162 44
146 202 34
147 6 13
147 90 181
147 141 15
148 7 19
148 118 224
148 146 42
149 61 46
149 179 57
149 189 86
150 106 144
150 166 7
151 78 143
151 107 7
151 154 50
152 0 179
152 94 27
152 101 9
153 28 50
153 185 10
154 107 8
154 151 50
154 226 59
155 194 8
156 240 94
156 244 16
157 174 72
157 204 190
158 35 32
159 216 34
160 75 79
161 70 54
161 201 410
161 261 144
162 146 44
163 66 118
163 128 23
163 217 75
164 40 42
164 127 66
164 187 45
165 3 109
165 115 25
165 167 16
166 150 7
166 226 61
167 3 128
167 99 35
167 165 16
168 9 72
168 28 130
168 77 47
169 173 4
169 193 52
169 232 9
170 111 8
170 112 12
171 84 327
171 153 13
172 208 25
173 169 4
173 184 5
173 193 47
174 157 72
174 200 87
174 215 61
175 47 498
175 199 16
176 137 12
176 171 279
177 176 55
177 188 39
178 74 252
178 219 19
179 93 81
179 149 57
179 252 34
180 19 31
180 212 53
180 235 102
181 11 10
181 183 528
182 141 56
182 160 66
183 178 25
184 173 5
184 197 5
184 206 47
185 137 285
185 171 13
186 76 29
186 114 53
186 223 40
187 164 45
188 108 37
188 177 39
189 83 201
189 149 86
189 251 54
190 144 30
191 36 155
191 242 68
192 126 53
192 129 112
192 138 208
193 206 5
194 155 8
194 209 139
195 262 32
196 2 18
196 248 15
196 253 11
197 184 5
197 211 5
197 214 46
198 248 25
199 11 10
200 29 65
200 174 87
201 49 58
201 86 144
201 161 410
202 16 30
202 93 97
202 146 34
203 31 93
203 213 10
203 242 64
204 157 190
204 215 56
204 262 65
205 119 34
205 120 24
205 239 33
206 214 6
207 15 34
207 210 504
208 17 12
208 120 101
208 172 25
209 39 62
209 100 126
209 194 139
210 26 12
210 136 484
211 197 5
211 227 5
211 236 46
212 180 53
212 228 30
212 249 243
213 22 202
213 119 29
213 203 10
214 236 4
215 30 123
215 174 61
215 204 56
216 107 67
216 117 20
216 159 34
217 113 36
217 163 75
218 113 36
218 229 33
219 47 45
219 79 23
219 101 241
220 127 158
220 138 38
220 221 35
221 220 35
221 250 36
222 1 14
222 86 133
222 123 69
223 63 136
223 132 23
223 186 40
224 14 50
224 133 455
225 32 163
225 46 11
226 117 151
226 154 59
226 166 61
227 211 5
227 245 5
227 246 46
228 16 114
228 19 53
228 212 30
229 66 217
229 218 33
230 48 15
230 134 18
230 147 84
231 232 167
232 6 7
232 147 13
232 169 9
233 69 25
234 106 73
234 237 59
234 258 72
235 82 86
235 99 75
235 180 102
236 246 5
237 234 59
238 92 43
238 152 42
239 205 33
240 56 114
240 158 117
241 98 164
241 99 176
241 115 181
242 8 29
242 13 155
242 191 68
242 203 64
243 16 44
243 97 29
243 249 23
244 45 15
244 225 135
245 227 5
245 255 5
245 257 46
246 257 5
247 247 93
247 121 45
248 196 15
248 198 25
248 253 8
249 102 28
249 212 243
249 243 23
250 127 89
250 128 302
250 221 36
251 189 54
252 179 34
253 9 33
253 196 11
253 248 8
254 109 9
255 245 5
256 34 13
256 38 152
256 71 58
257 0 5
258 53 12
258 126 83
258 234 72
259 147 72
259 182 14
260 45 133
260 225 14
261 98 161
261 103 416
261 161 144
262 64 81
262 195 32
262 204 65
2 16 130
4 67 119
5 21 102
8 24 239
15 106 116
19 27 75
56 164 193
85 99 166
91 153 242
