799 410 364 260 2
0 388 61
0 396 65
1 335 188
1 352 71
2 119 135
3 188 69
3 262 49
4 215 45
4 288 45
5 291 4
6 94 270
6 160 63
6 170 22
6 245 144
7 165 115
8 74 131
8 211 57
8 331 213
9 11 109
9 97 83
9 311 18
10 97 18
10 311 84
11 9 109
11 97 173
11 151 213
12 199 52
12 376 94
13 113 15
13 306 41
14 132 104
14 406 66
15 58 100
15 270 11
16 118 16
16 156 120
16 352 64
17 102 61
17 233 102
17 277 94
18 47 45
18 50 6
19 392 142
20 347 22
21 44 50
21 266 15
21 344 165
22 128 64
22 343 11
23 271 188
24 105 18
24 272 264
25 318 15
26 191 84
26 339 55
27 57 281
27 355 6
28 117 51
28 340 39
29 134 56
29 181 167
29 271 37
30 31 16
30 302 239
31 34 5
32 278 8
32 392 321
33 30 10
34 36 19
34 126 62
35 33 15
35 175 29
36 38 14
37 35 18
38 37 18
38 238 182
39 45 45
39 219 53
40 43 90
40 285 60
40 286 41
41 171 14
41 251 14
42 213 41
43 279 28
44 68 13
44 333 103
45 133 12
45 281 16
46 110 11
46 175 18
47 50 45
47 119 16
48 49 5
48 146 22
49 317 4
50 51 6
50 345 141
51 18 6
51 336 4
52 267 58
53 54 145
53 137 150
53 267 57
54 53 145
54 55 55
54 258 115
55 54 55
55 295 32
56 179 130
56 369 16
57 106 26
57 346 28
58 23 15
58 56 124
59 61 64
59 93 4
59 383 207
60 144 402
61 59 64
61 62 4
61 149 227
62 61 4
62 256 46
63 217 11
63 373 11
64 66 11
64 333 15
65 67 22
65 371 355
66 68 108
67 43 108
67 285 70
68 266 31
69 307 118
69 387 95
70 341 45
71 72 336
71 370 21
72 342 62
72 355 186
73 27 118
73 360 6
74 8 131
74 79 15
75 163 13
76 253 77
76 406 110
76 407 19
77 80 13
77 206 9
78 91 82
78 161 68
79 80 9
79 205 57
80 75 13
80 399 192
81 253 121
81 384 107
81 407 31
82 84 11
83 49 20
84 32 122
84 82 11
85 268 12
85 292 140
86 202 57
87 166 68
87 167 51
87 288 43
87 337 146
88 91 78
89 243 38
89 250 21
90 85 74
90 228 11
91 78 82
91 88 75
92 236 159
92 385 63
93 59 4
93 211 51
94 6 270
94 397 16
95 94 34
95 381 49
96 95 17
97 10 18
97 11 173
98 287 76
99 141 107
99 348 22
100 131 80
100 222 53
101 176 97
101 339 80
102 17 61
102 170 60
103 3 19
104 338 13
104 409 80
105 135 198
105 224 21
106 39 138
107 254 63
107 285 104
108 129 94
108 159 48
108 286 59
109 249 105
109 268 39
110 33 29
110 302 251
111 167 144
111 199 59
111 222 7
112 100 57
113 13 15
114 101 64
114 323 79
115 139 183
116 4 134
116 283 28
117 28 51
117 193 41
118 16 16
118 346 93
118 353 114
119 47 16
119 227 16
120 255 46
120 389 49
121 241 3
122 248 128
122 387 67
123 37 170
123 238 21
124 46 61
124 330 16
125 316 10
125 372 87
126 280 18
127 248 15
127 282 17
128 22 64
129 228 49
130 2 67
130 198 56
131 100 80
131 174 41
131 243 7
132 14 104
132 384 22
132 407 58
133 219 37
133 248 26
134 29 56
134 183 129
134 369 123
135 155 323
135 183 13
136 221 44
136 277 15
137 257 19
138 142 8
139 140 7
140 137 60
141 143 56
141 380 8
142 141 22
142 348 105
143 357 4
143 380 56
144 71 51
145 229 81
145 252 14
146 240 74
147 92 59
147 196 80
147 218 31
148 162 125
148 358 92
149 383 68
149 395 11
150 151 9
150 311 86
150 405 97
151 9 85
151 11 213
151 150 9
152 123 85
152 175 158
152 324 21
153 157 75
153 384 52
154 149 34
154 395 34
155 138 53
156 16 120
156 273 143
157 153 75
158 189 57
158 192 39
158 254 30
159 108 48
159 228 86
159 254 91
160 6 63
160 196 80
160 236 58
161 234 82
161 275 24
162 169 58
163 77 13
163 209 202
164 165 40
165 164 40
165 293 47
165 358 205
166 148 175
166 162 137
167 87 51
167 111 144
167 314 53
168 224 197
169 215 31
169 293 9
170 6 22
170 102 60
170 247 145
171 71 20
171 251 14
172 349 13
173 86 6
173 366 53
174 200 17
175 152 158
175 330 71
176 101 97
176 174 63
176 250 54
177 176 105
177 180 109
178 179 16
178 369 130
179 155 180
180 103 46
180 201 86
181 29 167
181 183 92
182 177 45
182 261 91
183 134 129
183 178 124
184 182 47
185 184 48
186 185 44
187 207 107
188 308 48
189 158 57
189 243 64
189 307 44
190 215 128
190 289 41
191 226 57
191 290 62
192 89 25
192 158 39
192 250 12
193 117 41
194 195 56
195 207 106
196 147 80
196 160 80
197 186 47
197 194 128
198 237 197
198 309 128
199 111 59
199 350 77
200 112 78
200 114 78
201 188 48
201 223 54
202 195 135
202 197 54
203 356 205
204 187 53
204 351 97
205 399 139
206 74 17
206 79 12
207 255 54
208 206 68
209 152 53
210 252 76
211 8 57
211 93 51
211 208 181
212 15 26
213 60 10
213 374 9
214 78 72
214 161 15
215 4 45
215 169 31
216 298 207
216 368 97
216 391 14
217 246 63
217 379 12
218 63 285
218 147 31
219 18 140
220 357 104
220 382 48
221 136 44
221 382 5
222 100 53
222 111 7
222 337 50
223 340 54
224 234 19
224 275 87
225 320 3
226 323 14
227 119 16
227 346 106
227 353 70
228 90 11
228 159 86
228 192 120
229 145 81
230 231 90
230 247 78
231 102 163
231 230 90
231 232 64
232 231 64
232 233 23
233 232 23
233 235 62
234 24 21
234 310 646
235 233 62
235 277 73
236 92 159
236 160 58
236 404 148
237 2 188
237 335 13
238 214 40
239 96 16
239 242 39
240 64 33
240 66 38
241 112 50
241 318 54
242 75 174
242 244 86
243 89 38
243 131 7
244 319 58
244 326 92
245 6 144
245 196 210
245 246 17
245 247 19
246 245 17
246 379 69
247 230 78
247 245 19
248 65 28
248 171 31
248 282 14
249 108 80
250 90 123
250 176 54
250 192 12
251 218 142
252 20 153
252 145 14
252 210 76
253 76 77
253 81 121
253 365 121
253 372 18
254 107 63
254 158 30
254 159 91
255 70 40
255 204 109
256 62 46
256 354 234
257 258 9
257 309 220
258 54 115
258 260 58
259 303 44
260 55 116
261 103 23
262 308 72
263 386 133
264 362 103
264 367 13
265 381 96
266 294 64
266 334 10
267 52 58
267 53 57
267 140 173
268 85 12
268 129 24
269 212 9
270 269 27
271 29 37
271 105 248
271 272 10
272 270 304
272 271 10
273 156 143
273 297 61
273 303 66
274 367 82
275 305 55
276 168 323
277 17 94
277 136 15
277 235 73
278 32 8
278 82 121
279 249 102
279 371 202
280 36 56
280 126 18
281 127 8
281 133 5
282 71 12
282 171 20
283 190 14
283 225 54
284 225 50
284 226 63
285 40 60
285 67 70
285 107 104
285 387 105
286 40 41
286 107 107
286 108 59
287 209 8
287 403 133
288 4 45
288 25 141
288 87 43
289 7 50
290 7 56
290 284 57
291 264 57
292 86 50
292 366 11
293 165 47
293 169 9
293 289 123
294 172 17
294 349 10
295 332 20
295 359 16
296 124 213
296 390 15
297 273 61
297 335 81
298 216 207
298 368 218
299 278 321
299 392 8
300 336 167
300 350 68
301 201 47
302 203 157
303 259 44
303 273 66
303 352 61
304 316 88
304 372 12
304 405 140
305 123 32
305 324 86
306 115 67
306 237 38
307 12 55
307 69 118
307 189 44
308 262 72
308 351 54
309 312 56
310 299 112
310 364 9
311 9 18
311 10 84
311 150 86
312 313 11
313 260 218
313 312 11
313 314 8
314 167 53
314 300 141
314 313 8
315 274 16
315 362 17
316 24 641
316 310 20
317 48 5
318 116 28
319 321 54
319 327 102
320 121 50
321 322 56
321 328 107
322 98 59
322 329 108
323 339 67
324 152 21
324 154 19
324 354 9
325 5 53
326 244 92
326 327 57
326 400 55
327 319 102
327 326 57
327 328 59
327 389 175
328 321 107
328 327 59
328 329 54
329 322 108
329 328 54
329 401 58
330 124 16
330 390 219
330 403 88
331 8 213
331 221 143
332 83 101
333 314 378
333 359 13
334 21 10
335 113 81
335 237 13
335 297 81
336 51 4
336 122 67
337 25 42
338 0 43
338 264 38
339 26 55
339 101 80
339 301 59
340 26 51
340 28 39
341 120 29
341 296 60
342 72 62
342 355 229
343 41 79
344 164 27
345 130 39
345 313 164
346 106 33
346 118 93
346 227 106
347 99 11
347 391 97
348 20 13
348 145 153
349 294 10
349 334 57
350 199 77
350 376 64
351 223 98
351 308 54
352 1 71
352 16 64
352 303 61
353 1 63
353 118 114
354 324 9
355 27 6
355 342 229
355 360 120
356 341 62
357 143 4
357 220 104
358 44 29
358 148 92
359 64 13
359 332 8
360 73 6
360 361 43
361 360 43
362 315 17
363 239 7
364 125 20
365 253 121
365 405 283
365 406 68
366 109 101
366 292 11
367 104 37
367 377 115
368 216 97
368 298 218
368 409 144
369 23 117
369 56 16
369 134 123
370 127 5
370 281 9
371 398 30
372 253 18
372 304 12
373 217 2
373 375 7
374 60 12
374 373 10
375 374 9
375 378 10
376 69 53
377 42 42
377 213 11
378 377 9
379 104 128
379 375 9
379 378 17
380 138 21
380 276 54
381 95 49
381 205 212
381 265 96
382 220 48
382 221 5
383 208 60
384 81 107
384 132 22
384 153 52
385 22 47
386 325 9
386 394 9
387 69 95
387 285 105
388 263 145
388 396 9
389 400 206
390 120 63
390 296 15
390 402 195
391 99 106
391 216 14
392 19 142
392 299 8
392 364 105
393 173 61
393 363 52
394 5 67
394 386 9
394 396 9
395 77 199
395 149 11
396 388 9
396 394 9
397 398 17
397 408 30
398 393 12
399 96 21
400 326 55
400 363 143
401 98 113
401 329 58
401 402 29
402 401 29
402 403 23
403 287 133
403 330 88
403 402 23
404 385 151
405 150 97
405 304 140
405 365 283
406 14 66
406 76 110
406 365 68
407 76 19
407 81 31
407 132 58
408 343 276
408 404 74
409 338 73
409 368 144
25 27 77 98 103 161 170 195 299 349 387 388
80 82 186 194 198 221 233 253 280 296 364 392
