1045 510 399 214 2
0 112 88
0 315 26
1 4 35
1 438 9
2 343 1106
3 16 56
3 173 28
3 191 249
4 438 36
5 140 62
5 242 31
6 116 173
6 145 61
6 498 7
7 139 39
7 226 26
8 15 6
8 195 19
8 390 30
9 123 38
9 131 7
9 186 41
10 130 12
10 303 93
11 304 190
11 398 70
11 421 195
12 242 21
13 28 204
13 181 32
13 479 57
14 14 38
14 219 67
15 8 6
15 224 129
16 3 56
16 191 383
16 502 160
17 219 30
18 149 442
18 178 147
18 245 41
19 160 8
20 34 207
20 254 34
21 96 455
22 478 42
22 479 6
23 80 48
23 179 51
24 182 38
24 250 46
24 430 7
25 100 46
25 179 33
25 185 62
26 27 28
26 137 92
26 423 24
27 26 28
27 271 100
27 423 23
28 13 204
28 165 165
28 234 74
28 321 57
29 99 49
30 305 107
31 35 156
31 108 132
31 415 22
32 32 129
32 35 72
33 42 96
34 156 138
34 377 100
34 467 63
35 31 156
35 32 72
35 41 39
36 49 30
37 168 46
37 188 65
38 251 19
39 41 22
39 47 18
40 239 58
41 35 39
41 39 22
41 339 157
42 33 96
42 161 231
42 460 79
43 65 11
43 146 196
43 167 45
44 1 20
44 409 147
45 188 37
45 319 47
46 197 59
46 427 20
46 495 53
47 39 18
47 50 61
47 60 37
48 198 64
48 477 171
48 485 66
49 36 30
49 39 69
49 50 15
50 49 15
50 54 16
51 49 27
51 54 6
52 291 13
52 449 158
53 283 22
54 51 6
54 135 34
55 230 69
55 459 474
56 84 68
56 355 40
57 159 19
58 51 46
58 63 11
59 53 202
59 61 110
60 47 37
61 53 95
61 423 46
62 63 15
62 135 13
63 58 11
64 183 145
64 499 270
65 43 11
65 75 9
65 491 241
66 124 59
66 453 19
67 264 312
67 494 38
67 495 170
68 69 11
68 125 458
69 68 11
69 77 126
70 159 18
71 412 81
72 258 14
72 407 87
73 6 13
73 71 15
73 290 181
74 307 30
74 311 32
74 476 38
75 59 27
75 65 9
75 389 179
76 235 94
76 237 16
77 297 35
78 245 351
78 393 119
79 400 242
80 103 14
80 262 156
81 329 60
81 430 46
82 157 40
82 363 32
83 459 73
84 194 87
84 500 11
85 439 141
86 207 279
86 457 12
87 86 55
87 334 39
88 292 33
88 436 100
89 207 13
89 457 285
90 222 35
91 206 35
91 330 42
91 446 42
92 214 13
92 232 138
92 474 5
93 312 30
93 338 33
93 469 30
94 244 18
94 506 15
94 507 11
95 486 22
96 21 455
96 129 10
96 275 1105
97 434 144
98 353 24
98 431 29
98 483 50
99 29 49
99 210 140
99 326 62
100 25 46
100 251 60
100 294 116
101 242 51
102 189 484
102 404 12
103 444 181
103 487 14
104 105 5
104 108 23
105 106 6
105 113 29
106 107 5
106 110 21
107 104 6
107 111 33
108 31 132
108 105 23
109 132 50
109 305 455
110 107 21
110 218 162
111 104 33
111 263 30
112 0 88
112 156 67
112 467 139
113 106 29
113 314 33
114 169 6
115 10 114
115 197 10
116 498 167
117 469 16
118 415 26
119 371 27
119 413 72
120 187 53
121 156 57
121 356 214
121 453 35
122 240 28
123 9 38
124 66 59
124 293 144
124 369 35
125 22 92
125 480 10
126 255 18
126 509 240
127 420 15
128 198 176
128 421 63
128 477 66
129 96 10
129 325 14
129 331 10
130 10 12
130 197 105
131 9 7
132 133 19
133 285 44
134 191 157
134 302 59
135 62 13
136 208 38
136 427 34
137 26 92
138 89 53
138 319 130
139 7 39
139 411 31
140 153 114
140 218 65
141 141 334
141 204 58
142 492 78
143 265 88
143 337 111
144 239 13
144 287 99
145 6 61
145 496 25
146 43 196
146 443 71
147 184 67
148 281 27
148 366 33
148 464 21
149 18 442
149 245 77
150 96 530
150 152 29
151 76 13
151 461 91
152 325 498
152 332 24
152 491 45
153 140 114
153 177 252
153 442 25
154 282 12
154 388 175
155 180 67
155 213 54
156 34 138
156 112 67
156 121 57
156 484 116
157 55 254
158 253 62
158 293 39
159 57 19
159 70 18
159 289 22
160 19 8
160 272 160
161 42 231
161 384 93
161 465 83
162 209 63
162 210 293
162 321 88
163 250 22
164 170 137
164 202 36
164 419 199
165 28 165
165 193 56
165 234 93
166 351 12
167 403 40
168 37 46
169 114 6
169 213 87
170 164 137
170 211 56
170 228 117
171 202 137
171 499 62
172 280 19
172 375 812
173 3 28
173 234 60
173 306 150
173 478 93
174 363 76
175 174 34
175 176 28
176 174 25
176 437 34
177 468 26
177 497 30
178 18 147
178 370 33
179 23 51
179 25 33
179 463 72
180 155 67
180 213 209
181 13 32
181 274 142
181 448 32
182 24 38
182 184 47
182 250 44
183 64 145
183 202 51
183 482 40
184 147 67
184 182 47
184 185 7
185 25 62
185 184 7
185 251 56
186 9 41
186 323 13
186 460 76
187 394 85
187 410 28
187 473 39
188 37 65
188 45 37
189 127 26
189 286 42
190 201 57
190 203 77
190 360 31
191 3 249
191 16 383
191 134 157
192 5 82
192 504 64
193 165 56
193 209 133
193 306 59
194 489 274
194 500 87
195 8 19
195 309 42
195 449 224
196 440 30
197 46 59
197 115 10
197 308 83
198 48 64
198 128 176
198 377 67
199 68 127
199 77 22
200 89 10
200 138 50
201 190 57
201 353 23
202 164 36
202 171 137
202 183 51
202 306 80
203 190 77
204 141 58
204 308 28
204 327 62
205 390 109
205 447 25
205 471 16
206 91 35
207 52 327
207 200 13
208 136 38
208 373 81
208 427 33
209 162 63
209 193 133
209 210 337
210 99 140
210 162 293
210 209 337
211 170 56
211 419 273
212 444 14
212 487 182
213 155 54
213 169 87
213 180 209
213 502 82
214 92 13
214 219 14
214 314 104
215 2 656
216 309 34
217 436 81
217 458 31
218 110 162
218 140 65
218 300 92
219 14 67
219 17 30
219 214 14
220 323 66
221 425 17
221 476 71
222 90 35
222 225 49
222 295 40
223 426 77
223 492 47
223 502 39
224 243 14
224 301 69
224 434 133
225 222 49
226 7 26
227 384 65
228 170 117
229 255 256
229 472 11
230 55 69
230 335 14
230 442 18
231 92 33
231 314 48
232 69 458
232 125 20
233 75 42
233 167 43
234 28 74
234 165 93
234 173 60
235 276 114
235 316 117
236 406 17
237 151 15
237 361 135
238 408 50
239 40 58
239 144 13
239 270 152
240 122 28
240 268 64
240 304 85
241 252 66
241 435 14
242 5 31
242 12 21
242 101 51
243 15 137
243 224 14
244 94 18
245 18 41
245 78 351
245 149 77
246 229 39
247 417 263
248 268 90
249 238 72
249 324 9
250 24 46
250 163 22
250 182 44
251 38 19
251 100 60
251 185 56
252 280 763
253 158 62
253 313 132
254 20 34
254 485 24
254 503 39
255 451 7
256 289 126
256 334 66
256 411 36
257 339 222
257 428 43
258 72 14
259 85 105
260 436 42
261 359 25
262 172 232
262 264 21
263 111 30
263 268 115
263 383 23
264 67 312
264 103 154
264 262 21
265 143 88
265 371 7
266 267 22
266 310 249
267 266 22
267 424 111
268 240 64
268 263 115
269 1 141
269 409 17
270 146 59
270 443 13
271 27 100
272 282 174
272 388 14
273 335 273
274 181 142
275 176 147
275 437 152
276 316 14
276 462 5
277 237 222
277 276 14
278 358 38
278 394 7
279 296 12
279 317 95
279 448 50
280 349 16
280 505 391
281 148 27
281 366 44
281 414 51
282 267 256
282 310 13
283 150 20
284 404 484
285 290 37
285 386 110
286 501 478
287 348 50
288 503 39
289 159 22
289 256 126
289 452 47
290 233 44
291 144 159
291 270 12
292 88 33
292 418 68
293 124 144
293 158 39
293 383 66
294 100 116
294 431 104
294 463 27
295 222 40
295 334 37
295 458 52
296 279 12
297 261 251
297 439 33
298 422 19
298 450 261
299 175 61
300 218 92
300 356 64
300 484 98
301 291 157
301 449 13
302 134 59
302 385 78
302 492 46
303 212 14
303 456 267
304 240 85
304 248 69
305 30 107
305 109 455
305 404 34
306 173 150
306 193 59
306 202 80
307 74 30
307 344 78
307 360 66
307 476 18
308 115 70
308 204 28
309 195 42
309 216 34
310 154 10
311 74 32
312 93 30
313 253 132
313 369 54
313 432 8
314 113 33
314 214 104
314 231 48
315 0 26
315 192 47
315 484 65
316 145 32
317 279 95
318 236 82
319 45 47
319 138 130
319 396 72
320 322 4
320 336 52
320 498 9
321 28 57
321 162 88
321 326 134
322 320 4
322 333 5
322 336 47
323 186 13
323 220 66
323 337 60
324 405 29
325 96 16
325 152 498
326 99 62
326 321 134
326 448 66
327 204 62
327 418 56
328 43 252
328 491 19
329 81 60
330 91 42
330 338 22
330 414 37
331 129 10
331 332 528
332 328 25
333 322 5
333 341 5
333 346 47
334 87 39
334 256 66
334 295 37
335 230 14
335 273 164
336 346 5
337 143 111
337 323 60
338 93 33
338 330 22
338 469 48
339 41 157
339 257 222
339 415 46
340 249 41
341 333 5
341 352 5
341 357 46
342 506 25
343 172 16
343 347 151
344 307 78
345 466 32
346 357 6
347 264 71
348 102 504
348 133 34
349 343 20
350 413 3
350 490 65
351 166 12
351 355 178
352 341 5
352 362 5
352 368 46
353 98 24
353 201 23
354 355 217
355 56 40
355 351 178
355 354 217
356 300 64
356 416 58
357 368 4
358 79 34
358 410 30
359 364 39
359 392 27
360 190 31
360 307 66
360 384 64
361 19 163
361 272 11
362 352 5
362 372 5
362 374 46
363 157 25
363 468 95
364 359 39
365 178 32
365 370 11
366 148 33
366 281 44
366 445 58
367 488 20
368 374 5
369 124 35
369 313 54
369 429 104
370 391 17
371 119 27
371 265 7
372 362 5
372 376 5
372 380 46
373 208 81
374 380 5
375 199 53
376 372 5
377 34 100
377 198 67
377 429 70
378 398 14
378 421 110
378 432 48
379 252 46
379 375 42
380 389 5
381 433 12
381 435 24
382 442 159
383 263 23
383 293 66
383 416 62
384 161 93
384 227 65
384 360 64
385 302 78
386 73 72
386 475 14
387 495 33
388 151 133
388 361 14
389 75 179
389 376 46
390 8 30
390 205 109
390 471 128
391 259 9
391 261 11
392 393 12
393 365 18
394 278 7
394 486 79
395 258 88
395 407 16
396 319 72
396 460 106
396 507 33
397 72 930
398 11 70
398 248 183
398 378 14
399 247 14
400 82 126
401 127 18
401 284 21
402 453 96
403 239 95
403 287 36
404 102 12
404 132 484
404 305 34
405 120 147
406 397 136
407 269 8
408 324 22
408 405 41
409 395 8
410 79 24
410 473 33
411 139 31
411 256 36
412 454 11
413 119 72
413 350 3
414 281 51
414 330 37
414 463 61
415 31 22
415 118 26
415 339 46
416 66 212
416 356 58
416 383 62
417 401 73
417 420 50
418 292 68
418 327 56
419 164 199
419 211 273
419 508 57
420 286 16
420 399 311
421 11 195
421 128 63
421 378 110
421 493 47
422 44 73
422 298 19
423 26 24
423 27 23
423 61 46
424 318 8
425 221 17
425 440 73
426 223 77
427 46 20
427 136 34
427 208 33
428 257 43
429 369 104
429 377 71
429 493 66
430 24 7
430 81 46
430 490 61
431 98 29
431 294 104
431 440 59
432 313 8
432 378 48
432 493 105
433 379 7
434 97 144
434 224 133
435 241 14
435 433 23
436 88 100
436 217 81
436 260 42
437 246 421
438 44 19
438 298 71
439 381 15
440 196 30
440 425 73
440 431 59
441 485 86
441 488 76
442 153 25
442 230 18
442 382 159
443 52 12
443 200 322
444 130 101
444 303 12
445 366 58
446 91 42
447 205 25
448 181 32
448 279 50
448 326 66
449 195 224
449 243 69
449 301 13
450 126 6
451 422 261
451 450 19
452 289 47
453 66 19
453 121 35
453 402 96
454 277 8
454 462 15
455 499 109
456 86 9
456 87 55
457 212 268
457 456 13
458 217 31
458 295 52
459 83 73
459 153 498
460 42 79
460 186 76
460 396 106
461 76 82
462 496 11
463 179 72
463 294 27
463 414 61
464 148 21
465 161 83
465 466 10
466 345 32
466 465 10
467 34 63
467 112 139
468 299 82
468 497 14
469 93 30
469 117 16
469 338 48
470 120 66
471 205 16
471 390 128
472 470 43
472 509 31
473 246 62
474 92 5
474 231 34
475 71 56
476 74 38
476 221 71
476 307 18
477 48 171
477 128 66
478 173 93
478 479 42
479 13 57
479 22 6
479 480 91
480 299 368
480 481 20
481 232 10
481 474 138
482 183 40
483 98 50
484 156 116
484 300 98
484 315 65
485 48 66
485 254 24
485 441 86
486 95 22
486 278 79
487 23 48
487 80 8
488 367 20
488 441 76
489 194 274
490 350 65
490 430 61
491 65 241
491 152 45
491 283 23
492 142 78
492 223 47
492 302 46
493 421 47
493 429 66
493 432 105
494 67 38
495 46 53
495 67 170
495 387 33
496 73 84
496 412 15
496 454 18
497 481 344
498 6 7
498 73 13
498 320 9
499 64 270
499 171 62
499 455 109
500 349 395
500 505 11
501 215 1432
502 16 160
502 213 82
502 223 39
503 254 39
503 288 39
504 192 64
505 56 68
505 84 8
506 94 15
506 342 25
506 507 8
507 94 11
507 396 33
507 506 8
508 419 57
509 340 105
509 470 27
54 60 134 215 248 284 291
93 133 151 276 364 402 482
