387 155 111 87 2
0 1 76
0 24 137
0 117 65
1 0 76
1 10 87
1 106 167
2 55 63
2 56 107
2 65 53
2 66 26
3 127 11
3 133 92
4 17 73
4 27 42
4 47 99
5 17 94
5 23 82
5 146 72
5 152 113
6 23 73
6 64 200
6 132 35
7 32 36
8 69 25
8 100 25
8 104 41
8 125 13
9 64 38
9 115 66
9 132 203
10 1 87
10 53 42
10 116 24
11 13 54
11 117 62
11 118 10
12 41 15
12 104 43
13 11 54
13 70 17
13 122 46
14 12 15
15 31 29
15 39 5
16 50 59
16 95 9
16 131 75
17 4 73
17 5 94
17 38 70
18 82 44
19 42 47
19 153 37
19 154 64
20 134 37
20 138 178
21 22 10
21 24 38
21 34 351
22 21 10
22 111 24
23 5 82
23 6 73
23 54 135
23 111 68
24 0 137
24 21 38
24 148 65
25 110 60
26 38 27
27 4 42
27 52 220
27 146 59
28 29 47
29 28 47
29 114 129
29 147 168
30 32 56
31 39 29
31 144 61
32 7 36
32 30 56
32 149 26
33 61 91
33 91 33
33 93 87
34 14 15
34 92 46
35 58 53
35 72 180
35 92 24
36 61 32
36 112 12
36 114 44
37 95 69
37 129 40
38 17 70
38 26 27
38 149 66
39 15 5
39 109 22
39 143 33
40 90 14
41 22 353
41 34 14
42 3 35
42 19 47
42 107 13
43 85 24
43 126 62
44 47 58
44 79 54
44 136 244
45 48 42
45 108 71
46 48 65
46 49 2
47 4 99
47 44 58
47 51 118
48 45 42
48 46 65
48 72 53
49 46 2
49 150 62
50 16 59
50 102 19
51 47 118
51 52 47
51 56 82
52 27 220
52 51 47
52 55 57
53 10 42
53 57 42
54 23 135
54 111 178
54 152 80
55 2 63
55 52 57
55 115 34
55 128 149
56 2 107
56 51 82
56 60 28
57 53 42
57 62 40
58 35 53
58 59 118
58 108 66
59 58 118
59 108 77
60 56 28
60 63 9
60 103 91
60 139 51
61 33 91
61 36 32
61 141 70
62 57 40
62 120 48
63 60 9
63 119 64
63 140 108
64 6 200
64 9 38
64 67 68
64 69 65
65 2 53
65 69 101
65 115 67
66 2 26
66 68 59
66 103 17
66 140 12
67 64 68
67 69 121
67 111 272
68 66 59
68 71 12
68 101 25
69 8 25
69 64 65
69 65 101
69 67 121
70 13 17
70 110 122
70 118 55
71 68 12
71 113 49
72 35 180
72 48 53
72 120 52
72 137 45
73 74 36
73 93 86
74 73 36
75 77 62
75 83 124
75 119 46
76 123 30
77 75 62
77 80 52
77 94 129
77 140 66
78 109 37
79 44 54
79 123 28
79 135 246
80 77 52
80 96 148
80 113 18
81 82 35
81 98 156
81 113 43
82 18 44
82 81 35
82 86 58
83 75 124
83 94 62
83 126 46
84 91 59
84 121 26
84 151 44
85 43 24
86 82 58
86 88 89
87 151 37
88 86 89
88 125 45
89 90 26
90 40 14
90 89 26
90 151 25
91 33 33
91 84 59
91 121 57
92 14 51
92 35 24
93 33 87
93 73 86
93 97 31
94 77 129
94 83 62
94 96 25
94 99 64
95 16 9
95 37 69
96 80 148
96 94 25
96 98 58
97 93 31
98 81 156
98 96 58
99 94 64
100 8 25
100 101 49
101 68 25
101 100 49
102 50 19
103 60 91
103 66 17
104 8 41
104 41 46
105 112 43
105 114 11
105 129 65
106 1 167
106 120 50
106 122 35
107 42 13
107 105 101
107 129 160
108 45 71
108 58 66
108 59 77
109 15 22
109 78 37
110 25 60
110 70 122
110 130 54
111 22 24
111 23 68
111 54 178
111 67 272
112 36 12
112 145 190
113 71 49
113 80 18
113 81 43
114 29 129
114 42 100
114 105 11
115 9 66
115 55 34
115 65 67
115 128 145
116 10 24
117 0 65
117 11 62
117 148 135
118 11 10
118 70 55
118 130 127
119 63 64
119 75 46
119 126 124
120 62 48
120 72 52
120 106 50
121 84 26
121 91 57
121 151 46
122 13 46
122 106 35
123 76 30
123 79 28
123 124 20
124 123 20
125 8 13
125 71 97
126 43 62
126 83 46
126 119 124
127 3 11
127 107 33
127 134 212
128 55 149
128 115 145
128 146 71
129 37 40
129 105 65
129 107 160
130 110 54
130 118 127
130 148 62
131 95 75
131 142 47
132 6 35
132 9 203
132 146 54
133 134 13
133 135 41
134 127 93
134 133 13
135 136 54
136 44 244
136 138 9
136 139 24
137 72 45
137 144 47
138 20 58
138 136 9
139 60 51
139 138 27
140 63 108
140 66 12
140 77 66
141 61 70
142 131 47
143 39 33
144 31 61
144 137 47
144 150 17
145 112 190
146 5 72
146 27 59
146 128 71
146 132 54
147 29 168
148 24 65
148 117 135
148 130 62
149 32 26
149 38 66
149 152 32
150 49 62
150 144 17
151 84 44
151 87 37
151 90 25
151 121 46
152 5 113
152 54 80
152 149 32
153 19 37
154 19 64
21 56 92 128
24 67 113 139
