660 315 275 104 12
0 78 50
1 2 70
1 95 11
2 96 11
2 148 110
2 198 82
3 4 62
3 54 110
3 169 88
4 3 62
4 52 111
5 76 13
5 92 238
5 289 58
6 8 109
6 73 83
6 235 18
7 46 189
7 73 18
7 235 84
8 6 109
8 73 173
8 128 213
9 18 63
9 77 67
9 130 97
10 75 122
10 149 30
10 284 97
11 14 113
11 74 17
12 142 68
12 162 203
12 214 112
13 16 45
13 211 10
13 219 10
14 11 113
14 149 28
15 88 96
15 91 493
15 244 84
16 13 45
16 206 106
16 269 87
17 237 28
18 9 63
18 106 104
18 309 66
19 24 89
19 138 75
20 139 65
20 223 137
20 240 66
21 284 6
22 312 62
23 38 184
23 310 288
24 19 89
24 146 75
25 70 173
25 193 83
25 311 37
26 174 77
26 231 64
27 98 38
27 152 10
27 172 4
28 305 142
29 98 9
29 152 38
30 79 18
31 31 224
31 312 221
32 210 8
32 305 321
33 85 28
33 93 56
33 160 57
33 204 134
34 38 42
34 142 180
34 214 19
34 256 31
35 37 81
35 286 32
36 71 65
37 35 81
37 270 56
37 276 78
38 23 184
38 34 42
38 162 15
39 207 55
40 29 13
40 53 13
41 21 217
41 159 34
42 173 34
43 132 19
43 281 51
44 93 133
44 111 55
44 204 56
45 231 80
45 304 66
46 7 189
46 59 35
46 137 74
47 103 118
47 142 151
47 190 55
48 299 18
49 129 7
49 187 138
49 212 7
50 121 5
51 173 258
51 208 28
52 4 111
52 54 60
52 256 41
53 40 13
54 3 110
54 52 60
54 255 42
55 174 66
55 206 36
56 57 7
56 294 110
57 56 7
58 59 49
59 46 35
59 58 49
60 101 559
61 89 59
61 117 144
61 266 66
61 296 120
62 183 77
62 309 110
62 314 19
63 171 133
63 285 31
64 183 121
64 295 107
64 314 31
65 67 12
65 123 356
66 271 277
67 182 12
67 227 402
68 69 11
68 188 119
69 32 122
69 68 11
70 25 173
70 139 32
70 292 124
70 296 69
71 208 268
72 247 81
73 7 18
73 8 173
73 137 123
74 11 17
74 237 29
74 307 32
75 10 122
75 140 16
75 149 146
76 5 13
76 176 79
77 9 67
77 133 87
78 0 50
78 242 273
78 257 254
79 158 21
80 185 78
81 82 13
82 81 13
82 271 96
83 36 9
83 181 182
84 144 193
84 160 57
84 284 35
85 33 28
85 140 30
86 238 5
87 117 60
88 202 174
89 61 59
90 296 55
91 15 493
91 180 39
92 5 238
93 33 56
93 44 133
93 168 57
94 196 19
94 292 392
95 199 17
96 2 11
96 95 68
96 178 359
97 281 10
97 301 228
98 29 9
98 53 12
99 243 47
100 104 12
101 236 10
101 287 87
102 109 12
103 47 118
103 213 250
104 102 15
104 288 42
105 83 177
105 125 72
106 18 104
106 295 22
106 314 58
107 152 151
107 198 3
107 242 26
108 228 36
108 229 63
108 302 32
109 110 9
109 248 53
110 112 12
111 44 55
111 168 133
111 169 60
112 116 10
113 100 47
113 288 91
114 100 14
114 283 119
115 133 88
116 114 10
117 61 144
117 87 60
117 181 63
118 145 55
118 162 41
118 175 33
119 193 65
120 150 5
121 192 17
121 297 491
122 173 27
122 262 340
123 157 13
123 164 39
124 240 108
125 126 5
126 48 52
126 259 143
127 128 9
127 235 86
127 308 97
128 6 85
128 8 213
128 127 9
129 49 7
130 9 97
130 133 75
130 295 52
131 185 21
131 228 64
131 229 35
132 43 19
132 178 76
133 77 87
133 115 88
133 130 75
134 233 7
135 143 67
135 226 10
136 97 319
136 135 11
137 46 74
138 19 75
138 146 90
138 278 58
138 279 161
139 20 65
139 70 32
139 223 72
140 75 16
140 85 30
140 307 29
141 65 55
142 12 68
142 34 180
142 47 151
143 226 68
143 238 66
144 84 193
144 160 134
144 204 56
145 118 55
146 24 75
146 138 90
146 165 91
146 279 73
147 148 25
147 218 44
147 220 31
148 2 110
148 147 25
149 10 30
149 14 28
149 75 146
150 50 14
150 263 66
151 99 48
151 243 10
152 27 10
152 107 151
153 197 6
154 194 6
155 187 7
156 191 6
157 205 15
157 261 29
158 163 19
159 182 382
159 227 78
160 33 57
160 84 57
160 144 134
161 41 53
162 12 203
162 38 15
162 118 41
162 214 42
163 30 21
163 234 646
164 66 329
165 146 91
165 279 164
165 311 107
166 174 105
167 209 49
168 93 57
168 111 133
168 253 57
169 3 88
169 111 60
169 253 133
170 256 60
171 94 4
172 27 4
172 243 102
173 42 34
173 51 258
173 122 27
174 26 77
174 55 66
174 166 105
175 118 33
176 177 12
176 179 8
177 179 11
177 273 423
178 96 359
178 132 76
179 91 39
179 180 6
180 72 70
180 247 9
181 83 182
181 117 63
181 278 255
182 65 10
182 141 60
183 62 77
183 64 121
183 277 121
183 287 18
184 231 110
185 80 78
185 131 21
185 225 60
186 229 48
187 69 119
187 155 7
187 188 7
188 187 7
188 212 138
189 60 9
190 47 55
191 56 219
191 120 14
192 282 5
193 25 83
193 119 65
193 240 54
194 49 81
194 154 6
194 195 8
195 194 8
195 200 84
196 1 21
197 153 6
197 194 84
197 200 8
198 96 82
198 107 3
199 171 32
199 285 132
200 197 8
200 201 153
201 233 7
201 246 306
202 244 11
202 273 3
203 205 89
204 33 134
204 44 56
204 144 56
205 67 354
205 123 13
206 16 106
206 55 36
206 209 104
207 264 12
208 51 28
209 167 49
209 206 104
209 241 552
210 32 8
210 68 121
211 13 10
212 49 7
212 195 81
213 103 250
213 156 34
213 298 137
214 12 112
214 34 19
214 162 42
215 221 31
216 192 490
216 297 13
217 281 234
217 301 19
218 147 44
219 13 10
220 147 31
220 221 31
221 215 31
221 220 31
222 196 391
222 257 206
222 292 13
223 20 137
223 139 72
223 280 36
223 306 65
224 272 58
225 185 60
226 303 181
226 313 11
227 161 63
227 189 147
228 108 36
228 131 64
228 304 112
229 108 63
229 131 35
229 186 48
230 210 321
230 305 8
231 26 64
231 45 80
231 184 110
232 236 88
232 287 12
232 308 140
233 134 7
233 197 153
233 201 7
234 230 112
234 275 9
235 6 18
235 7 84
235 127 86
236 30 641
236 234 20
237 17 28
237 74 29
238 86 5
238 143 66
239 302 137
240 20 66
240 124 108
240 193 54
241 209 552
241 249 90
241 302 172
242 78 273
242 172 204
243 151 10
243 172 102
244 15 84
244 273 12
245 120 330
245 294 13
246 267 13
247 5 78
247 176 7
248 202 15
249 252 12
249 291 424
250 272 61
251 304 108
252 76 58
252 289 10
253 168 57
253 169 133
253 255 47
254 105 13
255 54 42
255 253 47
255 256 59
256 34 31
256 52 41
256 170 60
256 255 59
257 78 254
257 222 206
257 268 131
258 268 87
259 31 100
259 290 319
260 48 155
260 259 17
261 203 81
262 39 10
262 264 74
263 50 64
263 311 42
264 125 97
265 296 66
266 61 66
267 245 15
267 278 261
268 257 131
268 258 87
268 269 17
269 16 87
269 268 17
269 270 135
270 37 56
270 269 135
270 272 151
271 82 96
271 303 11
271 313 176
272 224 58
272 250 61
272 270 151
273 110 68
273 177 423
273 202 3
274 241 90
274 249 11
275 101 20
275 161 710
276 37 78
276 286 126
277 183 121
277 308 283
277 309 68
278 138 58
278 181 255
278 267 261
279 138 161
279 146 73
279 165 164
280 223 36
281 43 51
281 97 10
281 135 323
282 156 13
282 213 34
283 252 423
283 291 16
284 10 97
284 21 6
284 84 35
284 159 215
285 217 6
286 35 32
286 276 126
287 183 18
287 232 12
288 300 36
289 274 12
290 113 72
290 283 10
291 260 318
291 290 17
292 70 124
292 222 13
292 254 249
293 233 294
293 246 14
294 293 30
295 64 107
295 106 22
295 130 52
296 61 120
296 70 69
296 90 55
296 265 66
297 63 8
298 213 137
299 222 233
299 254 58
300 102 90
300 312 38
301 216 29
302 108 32
302 239 137
302 241 172
303 271 11
304 45 66
304 228 112
304 251 108
305 28 142
305 230 8
305 275 105
306 223 65
307 74 32
307 140 29
308 127 97
308 232 140
308 277 283
309 18 66
309 62 110
309 277 68
310 23 288
310 136 90
311 25 37
311 165 107
311 263 42
312 22 62
312 300 38
313 136 11
313 310 92
314 62 19
314 64 31
314 106 58
39 1
57 1
78 1
103 1
123 1
136 1
159 1
186 1
200 1
202 1
222 1
226 1
