430 233 157 173 27
0 148 34
1 26 109
1 157 167
2 32 6
2 111 187
3 158 68
3 180 6
4 142 51
5 4 141
5 224 78
6 39 72
6 162 64
6 169 194
7 31 26
7 206 92
8 25 15
8 147 128
9 76 47
9 120 96
9 226 63
10 198 68
10 223 13
11 92 118
11 94 80
11 148 49
11 196 79
12 218 13
13 65 41
14 29 42
14 33 16
15 125 278
16 20 55
16 119 9
16 200 77
17 219 7
18 149 30
19 180 6
20 119 55
20 158 174
21 35 15
21 137 223
21 151 78
22 143 3
22 178 32
23 25 65
24 125 71
24 226 62
25 8 15
26 1 109
26 164 84
26 197 145
27 164 140
27 168 43
28 128 2
29 31 43
29 187 43
30 166 11
30 217 437
31 29 43
31 36 76
31 187 17
32 2 6
33 14 16
33 56 120
34 208 74
35 21 15
35 190 11
35 214 95
36 31 76
36 45 42
36 186 32
37 204 70
38 220 6
39 6 72
40 221 6
41 35 118
41 221 11
42 41 115
42 220 11
43 232 2
44 93 140
44 121 63
44 202 37
45 36 42
45 37 19
46 71 41
47 72 3
47 114 57
48 55 18
48 130 15
49 105 55
50 159 61
51 53 5
52 51 56
52 73 7
53 58 5
54 130 15
55 14 152
55 56 17
56 33 120
56 54 21
57 52 6
57 53 57
58 64 5
59 16 97
60 62 124
60 172 93
60 215 13
61 145 16
62 60 124
62 90 113
62 232 44
63 57 6
63 58 57
64 69 5
65 13 41
65 231 45
66 5 49
66 164 162
67 63 6
67 64 58
68 34 128
68 203 95
69 114 5
70 106 17
70 165 51
71 122 29
71 212 186
72 67 6
72 69 58
73 74 60
74 51 11
75 47 11
75 80 19
76 9 47
76 188 94
77 209 63
77 216 11
78 46 83
79 163 10
79 191 138
80 47 14
80 116 41
81 117 9
81 131 78
82 81 9
82 104 48
83 32 186
84 46 21
84 112 28
85 113 12
86 162 145
87 15 61
87 141 32
87 225 214
88 173 6
89 156 43
89 160 83
90 62 113
90 100 67
90 215 24
91 0 50
91 94 50
92 11 118
92 115 27
93 78 228
94 144 66
94 205 46
95 172 13
95 173 228
96 103 81
96 183 190
97 43 144
97 135 18
97 193 20
98 85 357
98 97 17
99 36 23
99 37 76
100 90 67
101 115 60
101 163 42
102 194 34
103 175 9
103 192 7
104 81 50
104 129 127
105 120 58
106 85 5
106 97 362
107 84 28
107 112 53
108 165 17
109 125 57
109 161 253
110 101 130
111 83 10
111 179 84
112 134 59
113 70 18
113 129 86
114 75 55
115 92 27
115 101 60
115 124 119
115 189 61
116 80 41
116 82 31
117 82 7
117 116 28
118 44 145
118 93 33
119 16 9
119 59 103
119 231 22
120 9 96
120 195 113
121 44 63
122 12 10
122 84 86
123 83 79
123 179 15
124 101 163
124 144 129
125 24 71
125 109 57
126 28 161
126 77 7
127 49 101
128 43 15
128 135 142
129 104 127
129 113 86
129 213 96
130 117 77
130 131 11
131 3 83
131 48 11
132 167 91
132 192 158
133 159 65
133 223 79
134 118 276
135 98 2
136 123 105
136 181 104
137 21 223
138 12 36
138 122 35
139 230 66
139 231 68
140 201 66
141 87 32
141 160 92
142 66 137
142 168 122
143 22 3
143 185 27
144 170 48
145 161 52
146 154 72
146 185 33
146 200 32
147 199 6
148 11 49
148 195 14
149 227 18
150 27 15
150 225 194
151 21 78
152 108 165
152 165 24
153 18 91
153 174 124
153 182 20
154 146 72
155 200 44
156 89 43
156 210 91
157 197 116
157 225 14
158 20 174
158 180 68
159 210 15
159 229 110
160 61 126
160 89 83
160 141 92
161 141 69
162 6 64
162 86 145
162 169 117
162 212 197
163 79 10
163 101 42
163 150 191
164 26 84
164 66 162
165 70 51
165 108 17
165 152 24
166 30 11
166 219 35
167 132 91
168 79 154
168 142 122
169 6 194
169 162 117
170 91 65
171 136 105
171 181 6
172 60 93
172 95 13
173 88 6
173 172 240
174 153 124
175 179 120
175 192 10
176 91 153
176 177 15
176 188 32
177 176 15
178 22 32
179 171 14
179 175 120
179 181 13
179 182 162
180 3 6
180 19 6
180 48 76
181 123 6
181 136 104
181 179 13
182 153 20
182 227 67
183 96 190
183 103 81
184 157 114
185 143 27
185 146 33
186 7 21
187 107 12
188 76 94
188 176 32
189 110 47
189 115 61
189 207 140
190 35 11
190 221 118
191 212 10
191 222 84
192 68 27
192 103 7
192 132 158
193 97 20
194 102 34
194 202 11
195 105 154
195 120 113
195 148 14
196 92 124
196 127 48
196 207 60
197 27 78
198 10 68
199 50 69
199 201 16
200 16 77
200 146 32
200 155 44
201 228 6
202 44 37
202 194 11
203 34 26
204 96 77
204 203 37
205 94 46
206 33 20
206 54 157
207 196 60
207 211 60
208 45 26
208 186 76
209 190 88
210 140 63
210 159 15
211 110 143
211 207 60
212 162 197
212 163 140
212 191 10
213 129 96
214 209 12
214 216 56
215 60 13
215 90 24
216 166 429
216 217 7
217 126 10
218 99 15
219 17 7
219 166 35
220 38 6
220 42 11
221 40 6
221 41 11
221 220 115
222 138 47
222 218 85
223 10 13
223 133 79
223 229 97
224 4 215
225 87 214
225 156 241
225 157 14
226 9 63
226 24 62
227 171 83
228 23 62
228 147 15
229 184 106
229 223 97
230 139 66
231 65 45
231 119 22
231 139 68
232 28 16
232 62 44
232 77 162
0 1243
15 721
20 1151
22 465
40 794
42 553
44 1963
55 1445
61 1186
69 592
76 1892
88 261
92 1232
95 820
98 1918
102 1300
103 2061
104 290
108 427
115 1609
125 666
134 1
142 600
168 615
195 1289
205 1091
215 1487
