697 329 155 53 25
0 123 25
0 134 51
1 43 80
1 84 5
2 9 18
2 26 42
2 244 164
3 162 11
3 290 87
4 3 61
4 160 12
5 70 22
5 171 46
5 254 63
6 42 76
6 126 27
6 322 65
7 8 5
7 69 19
8 9 28
8 26 6
9 2 18
9 12 22
10 148 131
10 184 46
10 206 91
10 257 77
11 66 152
11 82 40
12 9 22
12 13 138
12 164 31
13 12 138
14 15 79
14 59 10
14 61 39
15 99 71
15 264 161
16 178 54
17 18 12
17 25 64
18 17 12
18 284 63
19 20 43
20 19 43
20 140 251
20 182 62
21 76 530
21 114 38
22 18 65
22 42 238
23 22 59
23 24 28
23 201 100
24 23 28
24 139 97
25 87 27
26 7 8
26 211 21
27 149 34
27 150 33
27 232 70
28 167 57
28 222 29
28 223 24
29 203 57
29 317 17
30 169 37
31 216 54
32 141 13
32 273 12
33 31 35
33 32 34
34 233 37
34 301 136
35 75 38
35 256 185
36 23 209
36 41 138
37 225 13
37 290 71
38 33 17
39 91 118
39 162 96
39 290 21
39 293 17
40 199 52
40 239 133
40 309 50
41 201 104
41 246 32
42 36 68
43 180 17
44 45 37
44 122 37
45 44 37
45 46 26
45 240 17
46 45 26
46 240 26
47 146 45
47 168 21
47 266 76
48 130 175
48 222 36
48 314 71
49 51 35
49 223 62
49 311 62
50 142 8
50 157 77
50 312 21
51 49 35
51 159 19
51 227 60
51 231 61
52 233 128
53 166 53
53 305 82
54 93 61
54 206 98
54 271 45
55 58 49
55 60 94
55 97 72
56 86 70
57 131 311
57 267 11
58 55 49
58 76 82
58 215 57
59 14 10
59 103 49
60 55 94
60 235 21
61 154 77
62 116 48
62 145 30
62 253 25
63 65 6
63 67 54
63 90 157
64 143 20
64 147 133
64 319 104
65 63 6
65 192 51
66 67 8
67 68 6
67 70 78
68 65 52
68 67 6
69 8 22
69 294 60
70 5 22
70 71 6
70 72 107
71 68 75
71 70 6
71 140 67
72 74 22
72 171 147
73 94 24
73 302 79
73 323 5
74 35 42
74 79 59
75 77 12
75 78 7
76 21 530
76 58 82
76 129 208
77 78 9
77 79 6
78 77 9
78 200 67
79 77 6
79 80 5
79 81 143
80 71 192
80 79 5
81 245 66
81 247 26
82 11 40
82 83 38
83 82 38
83 171 180
84 1 5
84 85 76
84 280 80
85 86 40
85 117 6
86 259 147
86 303 6
87 24 36
87 307 292
88 202 101
88 276 46
89 90 40
89 278 127
90 151 40
91 39 118
91 162 79
91 221 74
92 227 41
92 300 35
93 54 61
93 95 16
93 215 244
94 73 24
94 96 7
94 100 55
95 93 16
95 129 128
95 199 35
96 94 7
96 265 112
97 173 44
97 213 127
98 232 238
98 272 11
99 15 71
99 226 52
100 217 32
101 96 57
101 100 9
102 242 10
103 14 54
103 120 181
104 310 46
105 112 75
105 129 328
105 310 66
106 108 9
106 324 30
107 37 30
107 153 14
108 102 46
108 106 9
108 207 51
109 113 7
109 218 64
110 21 44
110 114 11
110 181 238
111 199 62
111 287 71
112 105 75
112 114 53
112 156 134
113 109 7
113 130 29
113 293 82
114 110 11
114 112 53
115 170 63
115 212 248
115 321 181
116 62 48
116 198 233
116 289 168
117 1 76
117 85 6
118 156 49
118 234 25
119 221 29
120 103 181
121 130 49
121 282 72
121 311 35
122 44 37
122 161 124
122 307 17
123 0 25
123 255 23
124 29 10
124 236 44
125 175 161
126 6 27
126 136 67
126 219 197
127 156 121
128 111 48
129 95 128
129 105 328
130 48 175
130 113 29
130 121 49
131 57 311
131 285 91
132 315 13
133 238 67
134 0 51
134 266 48
134 319 85
135 181 41
136 126 67
136 176 260
136 183 66
137 144 51
138 56 39
138 85 70
139 24 97
139 161 168
139 201 165
140 20 251
140 170 144
140 262 73
141 274 11
142 50 8
143 64 20
143 198 71
143 205 169
144 286 122
145 62 30
146 47 45
146 276 46
147 64 133
147 213 43
147 268 121
148 215 94
149 27 34
149 185 71
150 27 33
150 89 43
150 269 120
151 11 31
151 152 40
152 214 38
153 59 39
153 61 11
154 99 27
154 226 32
155 161 257
155 241 68
155 294 218
156 112 134
156 118 49
156 127 121
157 50 77
157 291 31
157 327 8
158 166 56
158 287 77
158 326 48
159 51 19
159 237 65
160 4 12
160 220 87
160 299 40
161 122 124
161 139 168
161 155 257
162 3 11
162 91 79
162 160 61
163 208 43
163 308 42
164 12 31
164 233 18
164 283 37
165 212 61
165 250 36
165 251 155
166 158 56
166 234 59
167 28 57
167 237 21
168 47 21
169 133 56
169 159 94
170 115 63
170 140 144
170 262 149
170 270 246
171 5 46
171 256 51
172 288 24
173 148 36
173 268 6
174 239 50
174 304 136
175 197 230
176 136 260
176 175 175
176 177 33
177 38 11
177 98 17
178 177 56
179 178 153
179 256 84
180 80 149
180 81 9
180 270 37
181 110 238
181 135 41
182 20 62
182 193 12
182 252 60
183 275 242
184 10 46
184 146 100
184 266 88
185 149 71
185 187 21
186 124 77
186 187 15
187 188 11
187 189 73
188 186 11
188 191 35
189 149 119
189 190 6
189 278 51
190 188 73
190 189 6
191 186 40
191 193 88
192 190 50
192 278 6
193 182 12
193 191 88
193 198 92
194 209 89
194 255 58
195 125 73
195 126 76
196 228 83
197 196 53
198 116 233
198 143 71
198 193 92
199 40 52
199 95 35
199 111 62
200 78 67
200 179 245
201 23 100
201 41 104
201 139 165
202 88 101
202 309 45
203 285 63
203 317 52
204 248 5
205 143 169
205 209 57
205 255 88
206 10 91
206 54 98
207 108 51
207 163 48
207 208 49
208 207 49
208 243 45
209 194 89
209 205 57
210 204 73
210 246 66
211 7 20
211 241 139
212 115 248
212 165 61
212 270 65
213 147 43
213 236 65
214 83 31
214 277 40
215 58 57
215 93 244
216 144 51
217 102 11
217 106 38
218 101 12
219 229 25
220 4 91
221 91 74
221 119 29
221 299 66
222 28 29
222 48 36
222 313 76
223 28 24
223 49 62
223 311 117
224 30 38
225 37 13
225 153 22
226 109 69
227 30 81
227 231 64
228 41 27
228 195 208
229 6 198
229 219 25
230 232 14
230 272 231
230 286 50
231 282 42
231 311 55
232 27 70
232 230 14
233 34 37
233 52 128
233 164 18
234 118 25
234 166 59
234 310 69
235 29 41
235 236 8
236 60 25
236 213 65
236 235 8
237 159 65
237 167 21
237 238 21
238 237 21
239 53 136
239 174 50
239 287 53
240 25 334
240 45 17
241 155 68
241 211 139
241 243 50
242 113 68
242 218 9
243 241 50
243 324 31
244 2 164
244 133 158
244 295 146
245 200 127
245 228 39
246 245 25
246 247 73
247 43 8
247 248 40
248 84 37
248 204 5
249 251 97
249 261 21
250 165 36
251 165 155
251 249 97
252 182 60
252 321 123
253 62 25
253 281 30
254 66 38
254 82 148
255 123 23
255 194 58
255 205 88
256 171 51
256 179 84
256 277 176
257 10 77
257 268 133
257 319 16
258 94 112
258 265 9
259 258 24
260 259 7
260 303 143
261 260 7
262 170 149
262 252 168
262 321 71
263 249 25
263 261 7
264 263 7
265 264 17
266 134 48
267 57 11
268 147 121
268 173 6
268 257 133
269 16 79
269 152 44
270 180 37
270 212 65
271 88 108
271 202 105
272 38 18
272 98 11
273 176 24
274 141 11
274 273 16
275 274 39
276 88 46
276 146 46
276 206 101
277 16 44
278 63 51
278 192 6
279 294 141
279 327 87
280 138 47
280 210 82
281 253 30
282 121 72
282 207 14
283 34 18
283 164 37
283 325 276
284 18 63
284 306 63
285 131 91
285 203 63
286 230 50
286 292 61
287 111 71
287 158 77
287 239 53
288 128 42
288 172 24
289 116 168
289 316 21
289 318 22
290 37 71
290 39 21
291 325 5
291 328 8
292 137 99
292 286 61
293 39 17
293 320 25
294 69 60
294 279 141
295 244 146
295 296 28
296 295 28
296 297 24
297 296 24
297 298 44
298 297 44
299 160 40
299 221 66
300 224 37
301 52 54
302 73 79
303 86 6
303 117 40
304 53 51
304 305 130
305 118 52
306 284 63
306 322 63
307 44 37
307 122 17
308 92 7
308 241 118
309 40 50
309 174 134
309 202 45
310 104 46
310 105 66
310 234 69
311 49 62
311 121 35
311 231 55
312 142 21
313 314 32
313 315 27
314 48 71
314 313 32
315 28 82
315 132 13
315 313 27
316 289 21
316 318 20
317 124 16
317 185 63
318 289 22
318 316 787
319 64 104
319 134 85
319 257 16
320 107 63
320 154 12
321 115 181
321 252 123
321 262 71
322 6 65
322 306 63
323 73 5
324 108 29
324 243 31
325 283 276
325 291 5
325 327 31
326 128 149
326 288 191
327 157 8
327 279 87
328 325 7
4 1519
26 557
96 1665
101 1350
145 413
150 1820
160 1389
161 1031
192 2165
215 791
220 1978
221 2266
230 1364
233 1817
237 1725
257 1803
261 1243
271 40
275 690
282 1507
285 958
286 1321
293 654
299 1341
303 1598
