232 128 78 88 12
0 18 6
0 127 187
1 17 26
1 110 92
2 12 15
2 73 128
3 12 63
4 41 118
4 74 49
5 116 13
6 16 42
6 19 16
7 115 4
8 72 30
9 104 139
9 114 95
10 12 65
11 38 70
11 120 71
12 2 15
12 3 63
13 72 53
14 83 84
14 105 145
15 83 140
15 84 43
16 17 43
16 95 43
17 16 43
17 21 76
17 95 17
18 0 6
19 6 16
19 31 120
20 111 74
21 17 76
21 23 42
21 94 32
22 109 70
23 21 42
23 22 19
24 67 50
24 87 114
24 117 49
25 34 41
26 61 15
27 30 18
27 61 15
28 51 5
29 79 61
30 6 152
30 31 17
31 19 120
31 26 21
32 117 111
33 20 128
33 108 95
34 54 29
34 113 186
35 82 10
35 98 138
36 18 186
37 25 21
38 11 70
38 42 48
39 69 32
39 121 214
40 77 43
40 80 83
41 4 118
41 49 27
42 28 28
42 38 48
43 46 81
43 92 190
44 21 23
44 22 76
45 49 60
45 82 42
46 86 9
46 99 7
47 37 28
48 45 130
49 41 27
49 45 60
49 59 119
49 97 61
50 67 50
50 114 137
51 52 8
51 71 6
52 51 8
52 56 5
52 101 155
53 52 5
54 5 10
54 37 86
55 36 79
55 89 15
56 28 8
56 42 29
57 88 53
57 104 134
58 53 33
58 117 32
59 45 163
60 104 41
61 62 11
62 27 11
63 99 158
64 79 65
64 119 79
65 55 105
65 90 104
65 103 229
66 5 36
66 54 35
67 24 50
67 50 50
68 107 66
69 39 32
69 80 92
70 84 122
71 53 8
71 58 34
72 13 53
72 122 18
73 96 142
73 106 6
74 4 49
74 100 14
75 15 15
75 121 194
76 8 91
76 88 124
76 91 20
77 40 43
77 112 91
78 105 116
78 121 14
79 112 15
79 126 110
80 40 83
80 69 92
81 113 197
82 35 10
82 45 42
82 75 191
83 14 84
84 35 154
84 70 122
85 65 105
85 90 6
86 89 120
86 99 10
87 32 52
88 57 53
88 76 124
89 85 14
89 86 120
89 90 13
89 91 162
90 55 6
90 65 104
90 89 13
91 76 20
91 122 67
92 43 190
92 46 81
93 78 114
94 1 21
95 47 12
96 123 88
96 124 65
97 48 47
97 49 61
98 113 10
98 118 84
99 33 27
99 46 7
99 63 158
100 74 14
101 52 155
101 106 233
102 124 72
103 65 229
104 9 139
104 57 134
104 60 41
105 15 78
106 29 69
106 101 233
106 107 16
107 7 216
107 125 6
108 20 26
109 43 77
109 108 37
110 19 20
110 26 157
111 23 26
111 94 76
112 68 63
112 79 15
113 81 197
113 82 140
113 98 10
114 9 95
114 50 137
115 125 217
116 44 15
117 24 49
117 58 32
118 66 47
118 116 85
119 64 79
119 126 97
120 11 71
121 39 214
121 77 241
121 78 14
122 85 83
123 56 157
123 101 6
124 96 65
124 102 72
125 10 62
125 73 15
126 93 106
126 119 97
127 36 10
127 89 84
21 916
34 497
35 1271
51 716
61 367
64 791
82 1391
84 559
87 436
98 982
109 322
110 673
